Date,Device ID,Device,User Group,User,Event
2024-01-31 09:32:09,542198617,FaceStation 2 542198617 (192.168.8.205),,,BioStar connected
2024-01-31 09:31:24,542198617,FaceStation 2 542198617 (192.168.8.205),,,Tamper off
2024-01-31 09:31:12,542198617,FaceStation 2 542198617 (192.168.8.205),,,Network connected
2024-01-31 09:31:11,542198617,FaceStation 2 542198617 (192.168.8.205),,,DHCP connected
2024-01-31 09:31:10,542198617,FaceStation 2 542198617 (192.168.8.205),,,Device started
2024-01-31 09:31:10,542198617,FaceStation 2 542198617 (192.168.8.205),,,Network disconnected
2024-01-31 09:29:13,542198617,FaceStation 2 542198617 (192.168.8.205),,,Network disconnected
2024-01-31 09:03:48,542198617,FaceStation 2 542198617 (192.168.8.205),All Users,200222,1:N authentication succeeded (Face)
2024-01-31 09:03:46,542198617,FaceStation 2 542198617 (192.168.8.205),All Users,200222,1:N authentication succeeded (Face)
2024-01-31 08:35:38,542198617,FaceStation 2 542198617 (192.168.8.205),,,BioStar disconnected
2024-01-31 08:34:56,542198617,FaceStation 2 542198617 (192.168.8.205),,,BioStar connected
2024-01-31 08:34:15,542198617,FaceStation 2 542198617 (192.168.8.205),,,BioStar disconnected
2024-01-31 08:22:01,542198617,FaceStation 2 542198617 (192.168.8.205),,,Device time changed
2024-01-31 08:21:55,542198617,FaceStation 2 542198617 (192.168.8.205),,,Device time changed
2024-01-31 08:21:31,542198617,FaceStation 2 542198617 (192.168.8.205),,,Device time changed
2024-01-31 08:21:25,542198617,FaceStation 2 542198617 (192.168.8.205),,,Device time changed
2024-01-31 08:19:53,542198617,FaceStation 2 542198617 (192.168.8.205),,,BioStar connected
2024-01-31 08:18:17,542198617,FaceStation 2 542198617 (192.168.8.205),,,BioStar disconnected
2024-01-31 08:15:58,542198617,FaceStation 2 542198617 (192.168.8.205),,,BioStar connected
2024-01-31 08:15:34,542198617,FaceStation 2 542198617 (192.168.8.205),,,BioStar disconnected
2024-01-31 08:13:51,542198617,FaceStation 2 542198617 (192.168.8.205),,,BioStar connected
2024-01-31 08:13:39,542198617,FaceStation 2 542198617 (192.168.8.205),,,BioStar disconnected
2024-01-31 08:13:30,542198617,FaceStation 2 542198617 (192.168.8.205),All Users,200359,1:N authentication succeeded (Face)
2024-01-31 08:13:28,542198617,FaceStation 2 542198617 (192.168.8.205),All Users,200359,1:N authentication succeeded (Face)
2024-01-31 08:10:00,542198617,FaceStation 2 542198617 (192.168.8.205),All Users,200342,1:N authentication succeeded (Face)
2024-01-31 08:09:58,542198617,FaceStation 2 542198617 (192.168.8.205),,,BioStar connected
2024-01-31 08:09:10,542198617,FaceStation 2 542198617 (192.168.8.205),,,BioStar disconnected
2024-01-31 08:08:30,542198617,FaceStation 2 542198617 (192.168.8.205),All Users,200066,1:N authentication succeeded (Face)
2024-01-31 08:06:58,542198617,FaceStation 2 542198617 (192.168.8.205),,,BioStar connected
2024-01-31 08:06:32,542198617,FaceStation 2 542198617 (192.168.8.205),,,BioStar disconnected
2024-01-31 08:06:22,542198617,FaceStation 2 542198617 (192.168.8.205),All Users,200074,1:N authentication succeeded (Face)
2024-01-31 08:06:19,542198617,FaceStation 2 542198617 (192.168.8.205),All Users,200394,1:N authentication succeeded (Face)
2024-01-31 08:04:55,542198617,FaceStation 2 542198617 (192.168.8.205),All Users,200352,1:N authentication succeeded (Face)
2024-01-31 08:04:53,542198617,FaceStation 2 542198617 (192.168.8.205),All Users,200352,1:N authentication succeeded (Face)
2024-01-31 08:03:51,542198617,FaceStation 2 542198617 (192.168.8.205),All Users,200041,1:N authentication succeeded (Face)
2024-01-31 08:02:53,542198617,FaceStation 2 542198617 (192.168.8.205),All Users,200217,1:N authentication succeeded (Face)
2024-01-31 08:01:51,542198617,FaceStation 2 542198617 (192.168.8.205),,,BioStar connected
2024-01-31 08:01:49,542198617,FaceStation 2 542198617 (192.168.8.205),All Users,200072,1:N authentication succeeded (Face)
2024-01-31 08:01:43,542198617,FaceStation 2 542198617 (192.168.8.205),All Users,200242,1:N authentication succeeded (Face)
2024-01-31 08:01:36,542198617,FaceStation 2 542198617 (192.168.8.205),All Users,200403,1:N authentication succeeded (Face)
2024-01-31 08:01:33,542198617,FaceStation 2 542198617 (192.168.8.205),All Users,200403,1:N authentication succeeded (Face)
2024-01-31 08:01:26,542198617,FaceStation 2 542198617 (192.168.8.205),All Users,200346,1:N authentication succeeded (Face)
2024-01-31 08:01:24,542198617,FaceStation 2 542198617 (192.168.8.205),All Users,200346,1:N authentication succeeded (Face)
2024-01-31 08:01:15,542198617,FaceStation 2 542198617 (192.168.8.205),All Users,200110,1:N authentication succeeded (Face)
2024-01-31 08:01:08,542198617,FaceStation 2 542198617 (192.168.8.205),All Users,200153,1:N authentication succeeded (Face)
2024-01-31 08:00:36,542198617,FaceStation 2 542198617 (192.168.8.205),All Users,200064,1:N authentication succeeded (Face)
2024-01-31 08:00:31,542198617,FaceStation 2 542198617 (192.168.8.205),All Users,200298,1:N authentication succeeded (Face)
2024-01-31 08:00:28,542198617,FaceStation 2 542198617 (192.168.8.205),All Users,200298,1:N authentication succeeded (Face)
2024-01-31 07:59:41,542198617,FaceStation 2 542198617 (192.168.8.205),All Users,200329,1:N authentication succeeded (Face)
2024-01-31 07:59:39,542198617,FaceStation 2 542198617 (192.168.8.205),All Users,200166,1:N authentication succeeded (Face)
2024-01-31 07:59:07,542198617,FaceStation 2 542198617 (192.168.8.205),All Users,200186,1:N authentication succeeded (Face)
2024-01-31 07:58:57,542198617,FaceStation 2 542198617 (192.168.8.205),All Users,200357,1:N authentication succeeded (Face)
2024-01-31 07:58:54,542198617,FaceStation 2 542198617 (192.168.8.205),All Users,200348,1:N authentication succeeded (Face)
2024-01-31 07:58:50,542198617,FaceStation 2 542198617 (192.168.8.205),All Users,200091,1:N authentication succeeded (Face)
2024-01-31 07:58:21,542198617,FaceStation 2 542198617 (192.168.8.205),All Users,200001,1:N authentication succeeded (Face)
2024-01-31 07:58:19,542198617,FaceStation 2 542198617 (192.168.8.205),All Users,200001,1:N authentication succeeded (Face)
2024-01-31 07:58:13,542198617,FaceStation 2 542198617 (192.168.8.205),All Users,200031,1:N authentication succeeded (Face)
2024-01-31 07:57:03,542198617,FaceStation 2 542198617 (192.168.8.205),All Users,200174,1:N authentication succeeded (Face)
2024-01-31 07:57:00,542198617,FaceStation 2 542198617 (192.168.8.205),All Users,200174,1:N authentication succeeded (Face)
2024-01-31 07:56:58,542198617,FaceStation 2 542198617 (192.168.8.205),All Users,200367,1:N authentication succeeded (Face)
2024-01-31 07:56:55,542198617,FaceStation 2 542198617 (192.168.8.205),All Users,200367,1:N authentication succeeded (Face)
2024-01-31 07:56:52,542198617,FaceStation 2 542198617 (192.168.8.205),All Users,200014,1:N authentication succeeded (Face)
2024-01-31 07:56:49,542198617,FaceStation 2 542198617 (192.168.8.205),All Users,200014,1:N authentication succeeded (Face)
2024-01-31 07:56:45,542198617,FaceStation 2 542198617 (192.168.8.205),All Users,200028,1:N authentication succeeded (Face)
2024-01-31 07:56:41,542198617,FaceStation 2 542198617 (192.168.8.205),All Users,200028,1:N authentication succeeded (Face)
2024-01-31 07:56:33,542198617,FaceStation 2 542198617 (192.168.8.205),All Users,200399,1:N authentication succeeded (Face)
2024-01-31 07:56:31,542198617,FaceStation 2 542198617 (192.168.8.205),All Users,200396,1:N authentication succeeded (Face)
2024-01-31 07:56:06,542198617,FaceStation 2 542198617 (192.168.8.205),All Users,200006,1:N authentication succeeded (Face)
2024-01-31 07:55:57,542198617,FaceStation 2 542198617 (192.168.8.205),All Users,200395,1:N authentication succeeded (Face)
2024-01-31 07:55:44,542198617,FaceStation 2 542198617 (192.168.8.205),All Users,200330,1:N authentication succeeded (Face)
2024-01-31 07:55:41,542198617,FaceStation 2 542198617 (192.168.8.205),All Users,200406,1:N authentication succeeded (Face)
2024-01-31 07:55:38,542198617,FaceStation 2 542198617 (192.168.8.205),All Users,200407,1:N authentication succeeded (Face)
2024-01-31 07:55:35,542198617,FaceStation 2 542198617 (192.168.8.205),All Users,200408,1:N authentication succeeded (Face)
2024-01-31 07:55:30,542198617,FaceStation 2 542198617 (192.168.8.205),All Users,200392,1:N authentication succeeded (Face)
2024-01-31 07:55:28,542198617,FaceStation 2 542198617 (192.168.8.205),All Users,200392,1:N authentication succeeded (Face)
2024-01-31 07:55:19,542198617,FaceStation 2 542198617 (192.168.8.205),All Users,993001024,1:N authentication succeeded (Face)
2024-01-31 07:55:16,542198617,FaceStation 2 542198617 (192.168.8.205),All Users,993001024,1:N authentication succeeded (Face)
2024-01-31 07:55:03,542198617,FaceStation 2 542198617 (192.168.8.205),All Users,200023,1:N authentication succeeded (Face)
2024-01-31 07:55:00,542198617,FaceStation 2 542198617 (192.168.8.205),All Users,200371,1:N authentication succeeded (Face)
2024-01-31 07:54:37,542198617,FaceStation 2 542198617 (192.168.8.205),All Users,200011,1:N authentication succeeded (Face)
2024-01-31 07:54:15,542198617,FaceStation 2 542198617 (192.168.8.205),,,Authentication failed (Timeout)
2024-01-31 07:54:06,542198617,FaceStation 2 542198617 (192.168.8.205),All Users,200384,1:N authentication succeeded (Face)
2024-01-31 07:54:01,542198617,FaceStation 2 542198617 (192.168.8.205),All Users,200384,1:N authentication succeeded (Face)
2024-01-31 07:53:56,542198617,FaceStation 2 542198617 (192.168.8.205),All Users,200015,1:N authentication succeeded (Face)
2024-01-31 07:53:53,542198617,FaceStation 2 542198617 (192.168.8.205),All Users,200015,1:N authentication succeeded (Face)
2024-01-31 07:53:49,542198617,FaceStation 2 542198617 (192.168.8.205),All Users,200355,1:N authentication succeeded (Face)
2024-01-31 07:53:47,542198617,FaceStation 2 542198617 (192.168.8.205),All Users,200355,1:N authentication succeeded (Face)
2024-01-31 07:53:44,542198617,FaceStation 2 542198617 (192.168.8.205),All Users,200355,1:N authentication succeeded (Face)
2024-01-31 07:53:41,542198617,FaceStation 2 542198617 (192.168.8.205),All Users,200099,1:N authentication succeeded (Face)
2024-01-31 07:53:37,542198617,FaceStation 2 542198617 (192.168.8.205),All Users,200099,1:N authentication succeeded (Face)
2024-01-31 07:52:36,542198617,FaceStation 2 542198617 (192.168.8.205),All Users,200042,1:N authentication succeeded (Face)
2024-01-31 07:51:05,542198617,FaceStation 2 542198617 (192.168.8.205),All Users,200376,1:N authentication succeeded (Face)
2024-01-31 07:51:00,542198617,FaceStation 2 542198617 (192.168.8.205),All Users,200372,1:N authentication succeeded (Face)
2024-01-31 07:50:53,542198617,FaceStation 2 542198617 (192.168.8.205),All Users,200336,1:N authentication succeeded (Face)
2024-01-31 07:50:51,542198617,FaceStation 2 542198617 (192.168.8.205),All Users,200336,1:N authentication succeeded (Face)
2024-01-31 07:49:18,542198617,FaceStation 2 542198617 (192.168.8.205),All Users,200021,1:N authentication succeeded (Face)
2024-01-31 07:37:43,542198617,FaceStation 2 542198617 (192.168.8.205),All Users,200294,1:N authentication succeeded (Face)
2024-01-31 07:32:12,542198617,FaceStation 2 542198617 (192.168.8.205),All Users,200401,1:N authentication succeeded (Face)
2024-01-31 07:32:09,542198617,FaceStation 2 542198617 (192.168.8.205),All Users,200402,1:N authentication succeeded (Face)
2024-01-31 07:30:38,542198617,FaceStation 2 542198617 (192.168.8.205),All Users,200062,1:N authentication succeeded (Face)
2024-01-31 07:30:36,542198617,FaceStation 2 542198617 (192.168.8.205),All Users,200062,1:N authentication succeeded (Face)
2024-01-31 07:24:32,542198617,FaceStation 2 542198617 (192.168.8.205),All Users,200398,1:N authentication succeeded (Face)
2024-01-31 07:22:59,542198617,FaceStation 2 542198617 (192.168.8.205),All Users,200391,1:N authentication succeeded (Face)
2024-01-31 07:22:55,542198617,FaceStation 2 542198617 (192.168.8.205),All Users,200391,1:N authentication succeeded (Face)
2024-01-31 07:22:14,542198617,FaceStation 2 542198617 (192.168.8.205),All Users,200337,1:N authentication succeeded (Face)
2024-01-31 07:22:12,542198617,FaceStation 2 542198617 (192.168.8.205),All Users,200337,1:N authentication succeeded (Face)
2024-01-31 07:20:11,542198617,FaceStation 2 542198617 (192.168.8.205),All Users,200368,1:N authentication succeeded (Face)
2024-01-31 07:20:08,542198617,FaceStation 2 542198617 (192.168.8.205),All Users,200368,1:N authentication succeeded (Face)
2024-01-31 07:05:01,542198617,FaceStation 2 542198617 (192.168.8.205),All Users,200003,1:N authentication succeeded (Face)
2024-01-31 06:59:52,542198617,FaceStation 2 542198617 (192.168.8.205),All Users,200389,1:N authentication succeeded (Face)
2024-01-31 06:59:50,542198617,FaceStation 2 542198617 (192.168.8.205),All Users,200389,1:N authentication succeeded (Face)
2024-01-31 06:59:47,542198617,FaceStation 2 542198617 (192.168.8.205),All Users,200389,1:N authentication succeeded (Face)
2024-01-31 06:59:45,542198617,FaceStation 2 542198617 (192.168.8.205),All Users,200389,1:N authentication succeeded (Face)
2024-01-30 23:34:29,542198617,FaceStation 2 542198617 (192.168.8.205),All Users,200003,1:N authentication succeeded (Face)
2024-01-30 23:02:40,542198617,FaceStation 2 542198617 (192.168.8.205),All Users,200003,1:N authentication succeeded (Face)
2024-01-30 19:08:42,542198617,FaceStation 2 542198617 (192.168.8.205),All Users,200003,1:N authentication succeeded (Face)
2024-01-30 19:08:35,542198617,FaceStation 2 542198617 (192.168.8.205),All Users,200003,1:N authentication succeeded (Face)
2024-01-30 18:42:40,542198617,FaceStation 2 542198617 (192.168.8.205),All Users,993001024,1:N authentication succeeded (Face)
2024-01-30 18:42:38,542198617,FaceStation 2 542198617 (192.168.8.205),All Users,993001024,1:N authentication succeeded (Face)
2024-01-30 18:03:11,542198617,FaceStation 2 542198617 (192.168.8.205),All Users,200391,1:N authentication succeeded (Face)
2024-01-30 18:03:06,542198617,FaceStation 2 542198617 (192.168.8.205),All Users,200391,1:N authentication succeeded (Face)
2024-01-30 17:59:13,542198617,FaceStation 2 542198617 (192.168.8.205),All Users,200174,1:N authentication succeeded (Face)
2024-01-30 17:59:10,542198617,FaceStation 2 542198617 (192.168.8.205),All Users,200398,1:N authentication succeeded (Face)
2024-01-30 17:59:07,542198617,FaceStation 2 542198617 (192.168.8.205),All Users,200401,1:N authentication succeeded (Face)
2024-01-30 17:59:04,542198617,FaceStation 2 542198617 (192.168.8.205),All Users,200402,1:N authentication succeeded (Face)
2024-01-30 17:57:29,542198617,FaceStation 2 542198617 (192.168.8.205),All Users,200352,1:N authentication succeeded (Face)
2024-01-30 17:57:27,542198617,FaceStation 2 542198617 (192.168.8.205),All Users,200352,1:N authentication succeeded (Face)
2024-01-30 17:57:24,542198617,FaceStation 2 542198617 (192.168.8.205),All Users,200222,1:N authentication succeeded (Face)
2024-01-30 17:57:21,542198617,FaceStation 2 542198617 (192.168.8.205),All Users,200222,1:N authentication succeeded (Face)
2024-01-30 17:56:46,542198617,FaceStation 2 542198617 (192.168.8.205),All Users,200006,1:N authentication succeeded (Face)
2024-01-30 17:56:43,542198617,FaceStation 2 542198617 (192.168.8.205),All Users,200006,1:N authentication succeeded (Face)
2024-01-30 17:53:07,542198617,FaceStation 2 542198617 (192.168.8.205),All Users,200153,1:N authentication succeeded (Face)
2024-01-30 17:53:00,542198617,FaceStation 2 542198617 (192.168.8.205),All Users,200066,1:N authentication succeeded (Face)
2024-01-30 17:51:22,542198617,FaceStation 2 542198617 (192.168.8.205),,,BioStar disconnected
2024-01-30 17:45:08,542198617,FaceStation 2 542198617 (192.168.8.205),All Users,200403,1:N authentication succeeded (Face)
2024-01-30 17:45:04,542198617,FaceStation 2 542198617 (192.168.8.205),All Users,200403,1:N authentication succeeded (Face)
2024-01-30 17:44:58,542198617,FaceStation 2 542198617 (192.168.8.205),All Users,200384,1:N authentication succeeded (Face)
2024-01-30 17:44:55,542198617,FaceStation 2 542198617 (192.168.8.205),All Users,200072,1:N authentication succeeded (Face)
2024-01-30 17:43:55,542198617,FaceStation 2 542198617 (192.168.8.205),All Users,200015,1:N authentication succeeded (Face)
2024-01-30 17:43:52,542198617,FaceStation 2 542198617 (192.168.8.205),All Users,200015,1:N authentication succeeded (Face)
2024-01-30 17:43:46,542198617,FaceStation 2 542198617 (192.168.8.205),All Users,200099,1:N authentication succeeded (Face)
2024-01-30 17:43:44,542198617,FaceStation 2 542198617 (192.168.8.205),All Users,200099,1:N authentication succeeded (Face)
2024-01-30 17:43:41,542198617,FaceStation 2 542198617 (192.168.8.205),All Users,200355,1:N authentication succeeded (Face)
2024-01-30 17:43:38,542198617,FaceStation 2 542198617 (192.168.8.205),All Users,200355,1:N authentication succeeded (Face)
2024-01-30 17:43:36,542198617,FaceStation 2 542198617 (192.168.8.205),All Users,200355,1:N authentication succeeded (Face)
2024-01-30 17:43:03,542198617,FaceStation 2 542198617 (192.168.8.205),All Users,200359,1:N authentication succeeded (Face)
2024-01-30 17:42:00,542198617,FaceStation 2 542198617 (192.168.8.205),All Users,200346,1:N authentication succeeded (Face)
2024-01-30 17:41:55,542198617,FaceStation 2 542198617 (192.168.8.205),All Users,200346,1:N authentication succeeded (Face)
2024-01-30 17:41:35,542198617,FaceStation 2 542198617 (192.168.8.205),All Users,200011,1:N authentication succeeded (Face)
2024-01-30 17:40:44,542198617,FaceStation 2 542198617 (192.168.8.205),All Users,200394,1:N authentication succeeded (Face)
2024-01-30 17:40:40,542198617,FaceStation 2 542198617 (192.168.8.205),All Users,200394,1:N authentication succeeded (Face)
2024-01-30 17:40:38,542198617,FaceStation 2 542198617 (192.168.8.205),All Users,200074,1:N authentication succeeded (Face)
2024-01-30 17:40:34,542198617,FaceStation 2 542198617 (192.168.8.205),All Users,200074,1:N authentication succeeded (Face)
2024-01-30 17:40:27,542198617,FaceStation 2 542198617 (192.168.8.205),All Users,200042,1:N authentication succeeded (Face)
2024-01-30 17:40:23,542198617,FaceStation 2 542198617 (192.168.8.205),All Users,200042,1:N authentication succeeded (Face)
2024-01-30 17:40:18,542198617,FaceStation 2 542198617 (192.168.8.205),All Users,200001,1:N authentication succeeded (Face)
2024-01-30 17:40:15,542198617,FaceStation 2 542198617 (192.168.8.205),All Users,200001,1:N authentication succeeded (Face)
2024-01-30 17:40:13,542198617,FaceStation 2 542198617 (192.168.8.205),All Users,200298,1:N authentication succeeded (Face)
2024-01-30 17:40:10,542198617,FaceStation 2 542198617 (192.168.8.205),All Users,200298,1:N authentication succeeded (Face)
2024-01-30 17:40:07,542198617,FaceStation 2 542198617 (192.168.8.205),All Users,200031,1:N authentication succeeded (Face)
2024-01-30 17:39:49,542198617,FaceStation 2 542198617 (192.168.8.205),All Users,200342,1:N authentication succeeded (Face)
2024-01-30 17:39:25,542198617,FaceStation 2 542198617 (192.168.8.205),All Users,200186,1:N authentication succeeded (Face)
2024-01-30 17:38:36,542198617,FaceStation 2 542198617 (192.168.8.205),All Users,200392,1:N authentication succeeded (Face)
2024-01-30 17:38:27,542198617,FaceStation 2 542198617 (192.168.8.205),All Users,200021,1:N authentication succeeded (Face)
2024-01-30 17:38:23,542198617,FaceStation 2 542198617 (192.168.8.205),All Users,200399,1:N authentication succeeded (Face)
2024-01-30 17:38:20,542198617,FaceStation 2 542198617 (192.168.8.205),All Users,200014,1:N authentication succeeded (Face)
2024-01-30 17:38:17,542198617,FaceStation 2 542198617 (192.168.8.205),All Users,200014,1:N authentication succeeded (Face)
2024-01-30 17:38:12,542198617,FaceStation 2 542198617 (192.168.8.205),All Users,200217,1:N authentication succeeded (Face)
2024-01-30 17:38:09,542198617,FaceStation 2 542198617 (192.168.8.205),All Users,200028,1:N authentication succeeded (Face)
2024-01-30 17:37:55,542198617,FaceStation 2 542198617 (192.168.8.205),All Users,200407,1:N authentication succeeded (Face)
2024-01-30 17:37:51,542198617,FaceStation 2 542198617 (192.168.8.205),All Users,200294,1:N authentication succeeded (Face)
2024-01-30 17:37:47,542198617,FaceStation 2 542198617 (192.168.8.205),All Users,200242,1:N authentication succeeded (Face)
2024-01-30 17:37:44,542198617,FaceStation 2 542198617 (192.168.8.205),All Users,200064,1:N authentication succeeded (Face)
2024-01-30 17:37:38,542198617,FaceStation 2 542198617 (192.168.8.205),All Users,200404,1:N authentication succeeded (Face)
2024-01-30 17:37:34,542198617,FaceStation 2 542198617 (192.168.8.205),All Users,200371,1:N authentication succeeded (Face)
2024-01-30 17:37:30,542198617,FaceStation 2 542198617 (192.168.8.205),All Users,200329,1:N authentication succeeded (Face)
2024-01-30 17:37:27,542198617,FaceStation 2 542198617 (192.168.8.205),All Users,200395,1:N authentication succeeded (Face)
2024-01-30 17:37:25,542198617,FaceStation 2 542198617 (192.168.8.205),All Users,200395,1:N authentication succeeded (Face)
2024-01-30 17:37:20,542198617,FaceStation 2 542198617 (192.168.8.205),All Users,200348,1:N authentication succeeded (Face)
2024-01-30 17:37:17,542198617,FaceStation 2 542198617 (192.168.8.205),All Users,200348,1:N authentication succeeded (Face)
2024-01-30 17:37:11,542198617,FaceStation 2 542198617 (192.168.8.205),All Users,200041,1:N authentication succeeded (Face)
2024-01-30 17:37:06,542198617,FaceStation 2 542198617 (192.168.8.205),All Users,200405,1:N authentication succeeded (Face)
2024-01-30 17:37:00,542198617,FaceStation 2 542198617 (192.168.8.205),All Users,200110,1:N authentication succeeded (Face)
2024-01-30 17:36:57,542198617,FaceStation 2 542198617 (192.168.8.205),All Users,200023,1:N authentication succeeded (Face)
2024-01-30 17:36:50,542198617,FaceStation 2 542198617 (192.168.8.205),All Users,200091,1:N authentication succeeded (Face)
2024-01-30 17:36:47,542198617,FaceStation 2 542198617 (192.168.8.205),All Users,200091,1:N authentication succeeded (Face)
2024-01-30 17:36:40,542198617,FaceStation 2 542198617 (192.168.8.205),All Users,200062,1:N authentication succeeded (Face)
2024-01-30 17:36:38,542198617,FaceStation 2 542198617 (192.168.8.205),All Users,200062,1:N authentication succeeded (Face)
2024-01-30 17:36:31,542198617,FaceStation 2 542198617 (192.168.8.205),All Users,200408,1:N authentication succeeded (Face)
2024-01-30 17:36:28,542198617,FaceStation 2 542198617 (192.168.8.205),All Users,200357,1:N authentication succeeded (Face)
2024-01-30 17:36:24,542198617,FaceStation 2 542198617 (192.168.8.205),All Users,200396,1:N authentication succeeded (Face)
2024-01-30 17:36:08,542198617,FaceStation 2 542198617 (192.168.8.205),All Users,200330,1:N authentication succeeded (Face)
2024-01-30 17:36:05,542198617,FaceStation 2 542198617 (192.168.8.205),All Users,200372,1:N authentication succeeded (Face)
2024-01-30 17:36:02,542198617,FaceStation 2 542198617 (192.168.8.205),All Users,200376,1:N authentication succeeded (Face)
2024-01-30 17:35:48,542198617,FaceStation 2 542198617 (192.168.8.205),All Users,200367,1:N authentication succeeded (Face)
2024-01-30 17:35:46,542198617,FaceStation 2 542198617 (192.168.8.205),All Users,200406,1:N authentication succeeded (Face)
2024-01-30 17:35:42,542198617,FaceStation 2 542198617 (192.168.8.205),All Users,200368,1:N authentication succeeded (Face)
2024-01-30 13:14:57,542198617,FaceStation 2 542198617 (192.168.8.205),All Users,993001024,1:N authentication succeeded (Face)
2024-01-30 13:14:55,542198617,FaceStation 2 542198617 (192.168.8.205),All Users,200006,1:N authentication succeeded (Face)
2024-01-30 13:08:32,542198617,FaceStation 2 542198617 (192.168.8.205),All Users,200404,1:N authentication succeeded (Face)
2024-01-30 13:08:27,542198617,FaceStation 2 542198617 (192.168.8.205),All Users,200404,1:N authentication succeeded (Face)
2024-01-30 13:06:51,542198617,FaceStation 2 542198617 (192.168.8.205),All Users,200110,1:N authentication succeeded (Face)
2024-01-30 13:06:47,542198617,FaceStation 2 542198617 (192.168.8.205),All Users,200392,1:N authentication succeeded (Face)
2024-01-30 13:06:41,542198617,FaceStation 2 542198617 (192.168.8.205),All Users,200099,1:N authentication succeeded (Face)
2024-01-30 13:06:37,542198617,FaceStation 2 542198617 (192.168.8.205),All Users,200352,1:N authentication succeeded (Face)
2024-01-30 13:06:35,542198617,FaceStation 2 542198617 (192.168.8.205),All Users,200352,1:N authentication succeeded (Face)
2024-01-30 13:06:32,542198617,FaceStation 2 542198617 (192.168.8.205),All Users,200222,1:N authentication succeeded (Face)
2024-01-30 13:06:30,542198617,FaceStation 2 542198617 (192.168.8.205),All Users,200222,1:N authentication succeeded (Face)
2024-01-30 13:06:26,542198617,FaceStation 2 542198617 (192.168.8.205),All Users,200403,1:N authentication succeeded (Face)
2024-01-30 13:06:23,542198617,FaceStation 2 542198617 (192.168.8.205),All Users,200403,1:N authentication succeeded (Face)
2024-01-30 13:06:21,542198617,FaceStation 2 542198617 (192.168.8.205),All Users,200391,1:N authentication succeeded (Face)
2024-01-30 13:06:17,542198617,FaceStation 2 542198617 (192.168.8.205),All Users,200391,1:N authentication succeeded (Face)
2024-01-30 13:05:51,542198617,FaceStation 2 542198617 (192.168.8.205),All Users,200355,1:N authentication succeeded (Face)
2024-01-30 13:04:05,542198617,FaceStation 2 542198617 (192.168.8.205),All Users,200217,1:N authentication succeeded (Face)
2024-01-30 13:04:03,542198617,FaceStation 2 542198617 (192.168.8.205),All Users,200217,1:N authentication succeeded (Face)
2024-01-30 13:04:00,542198617,FaceStation 2 542198617 (192.168.8.205),All Users,200028,1:N authentication succeeded (Face)
2024-01-30 13:03:46,542198617,FaceStation 2 542198617 (192.168.8.205),All Users,200064,1:N authentication succeeded (Face)
2024-01-30 13:03:28,542198617,FaceStation 2 542198617 (192.168.8.205),All Users,200031,1:N authentication succeeded (Face)
2024-01-30 13:03:01,542198617,FaceStation 2 542198617 (192.168.8.205),All Users,200398,1:N authentication succeeded (Face)
2024-01-30 13:02:48,542198617,FaceStation 2 542198617 (192.168.8.205),All Users,200021,1:N authentication succeeded (Face)
2024-01-30 13:02:45,542198617,FaceStation 2 542198617 (192.168.8.205),All Users,200242,1:N authentication succeeded (Face)
2024-01-30 13:02:42,542198617,FaceStation 2 542198617 (192.168.8.205),All Users,200072,1:N authentication succeeded (Face)
2024-01-30 13:02:35,542198617,FaceStation 2 542198617 (192.168.8.205),All Users,200014,1:N authentication succeeded (Face)
2024-01-30 13:02:31,542198617,FaceStation 2 542198617 (192.168.8.205),All Users,200014,1:N authentication succeeded (Face)
2024-01-30 13:02:23,542198617,FaceStation 2 542198617 (192.168.8.205),All Users,200174,1:N authentication succeeded (Face)
2024-01-30 13:02:18,542198617,FaceStation 2 542198617 (192.168.8.205),All Users,200371,1:N authentication succeeded (Face)
2024-01-30 13:02:16,542198617,FaceStation 2 542198617 (192.168.8.205),All Users,200371,1:N authentication succeeded (Face)
2024-01-30 13:01:42,542198617,FaceStation 2 542198617 (192.168.8.205),All Users,200342,1:N authentication succeeded (Face)
2024-01-30 13:01:38,542198617,FaceStation 2 542198617 (192.168.8.205),All Users,200003,1:N authentication succeeded (Face)
2024-01-30 13:01:26,542198617,FaceStation 2 542198617 (192.168.8.205),All Users,200405,1:N authentication succeeded (Face)
2024-01-30 13:01:23,542198617,FaceStation 2 542198617 (192.168.8.205),All Users,200405,1:N authentication succeeded (Face)
2024-01-30 13:01:10,542198617,FaceStation 2 542198617 (192.168.8.205),All Users,200066,1:N authentication succeeded (Face)
2024-01-30 13:01:05,542198617,FaceStation 2 542198617 (192.168.8.205),All Users,200041,1:N authentication succeeded (Face)
2024-01-30 13:00:53,542198617,FaceStation 2 542198617 (192.168.8.205),All Users,200011,1:N authentication succeeded (Face)
2024-01-30 13:00:50,542198617,FaceStation 2 542198617 (192.168.8.205),All Users,200042,1:N authentication succeeded (Face)
2024-01-30 13:00:29,542198617,FaceStation 2 542198617 (192.168.8.205),All Users,200401,1:N authentication succeeded (Face)
2024-01-30 13:00:26,542198617,FaceStation 2 542198617 (192.168.8.205),All Users,200402,1:N authentication succeeded (Face)
2024-01-30 13:00:05,542198617,FaceStation 2 542198617 (192.168.8.205),All Users,200357,1:N authentication succeeded (Face)
2024-01-30 12:59:37,542198617,FaceStation 2 542198617 (192.168.8.205),All Users,200348,1:N authentication succeeded (Face)
2024-01-30 12:59:34,542198617,FaceStation 2 542198617 (192.168.8.205),All Users,200298,1:N authentication succeeded (Face)
2024-01-30 12:59:31,542198617,FaceStation 2 542198617 (192.168.8.205),All Users,200298,1:N authentication succeeded (Face)
2024-01-30 12:59:26,542198617,FaceStation 2 542198617 (192.168.8.205),All Users,200186,1:N authentication succeeded (Face)
2024-01-30 12:59:17,542198617,FaceStation 2 542198617 (192.168.8.205),All Users,200153,1:N authentication succeeded (Face)
2024-01-30 12:59:12,542198617,FaceStation 2 542198617 (192.168.8.205),All Users,200023,1:N authentication succeeded (Face)
2024-01-30 12:59:06,542198617,FaceStation 2 542198617 (192.168.8.205),All Users,200091,1:N authentication succeeded (Face)
2024-01-30 12:59:02,542198617,FaceStation 2 542198617 (192.168.8.205),All Users,200399,1:N authentication succeeded (Face)
2024-01-30 12:59:00,542198617,FaceStation 2 542198617 (192.168.8.205),All Users,200330,1:N authentication succeeded (Face)
2024-01-30 12:58:56,542198617,FaceStation 2 542198617 (192.168.8.205),All Users,200394,1:N authentication succeeded (Face)
2024-01-30 12:58:53,542198617,FaceStation 2 542198617 (192.168.8.205),All Users,200394,1:N authentication succeeded (Face)
2024-01-30 12:58:50,542198617,FaceStation 2 542198617 (192.168.8.205),All Users,200359,1:N authentication succeeded (Face)
2024-01-30 12:58:46,542198617,FaceStation 2 542198617 (192.168.8.205),All Users,200367,1:N authentication succeeded (Face)
2024-01-30 12:58:43,542198617,FaceStation 2 542198617 (192.168.8.205),All Users,200396,1:N authentication succeeded (Face)
2024-01-30 12:58:25,542198617,FaceStation 2 542198617 (192.168.8.205),All Users,200074,1:N authentication succeeded (Face)
2024-01-30 12:58:21,542198617,FaceStation 2 542198617 (192.168.8.205),All Users,200406,1:N authentication succeeded (Face)
2024-01-30 12:58:17,542198617,FaceStation 2 542198617 (192.168.8.205),All Users,200384,1:N authentication succeeded (Face)
2024-01-30 12:58:12,542198617,FaceStation 2 542198617 (192.168.8.205),All Users,200407,1:N authentication succeeded (Face)
2024-01-30 12:58:00,542198617,FaceStation 2 542198617 (192.168.8.205),All Users,200329,1:N authentication succeeded (Face)
2024-01-30 12:57:55,542198617,FaceStation 2 542198617 (192.168.8.205),All Users,200395,1:N authentication succeeded (Face)
2024-01-30 12:57:08,542198617,FaceStation 2 542198617 (192.168.8.205),All Users,200001,1:N authentication succeeded (Face)
2024-01-30 12:57:05,542198617,FaceStation 2 542198617 (192.168.8.205),All Users,200001,1:N authentication succeeded (Face)
2024-01-30 12:56:36,542198617,FaceStation 2 542198617 (192.168.8.205),All Users,200408,1:N authentication succeeded (Face)
2024-01-30 12:56:07,542198617,FaceStation 2 542198617 (192.168.8.205),All Users,200372,1:N authentication succeeded (Face)
2024-01-30 12:55:57,542198617,FaceStation 2 542198617 (192.168.8.205),All Users,200376,1:N authentication succeeded (Face)
2024-01-30 12:55:22,542198617,FaceStation 2 542198617 (192.168.8.205),All Users,200394,1:N authentication succeeded (Face)
2024-01-30 12:54:51,542198617,FaceStation 2 542198617 (192.168.8.205),All Users,200062,1:N authentication succeeded (Face)
2024-01-30 12:54:49,542198617,FaceStation 2 542198617 (192.168.8.205),All Users,200062,1:N authentication succeeded (Face)
2024-01-30 12:53:50,542198617,FaceStation 2 542198617 (192.168.8.205),All Users,200368,1:N authentication succeeded (Face)
2024-01-30 12:53:07,542198617,FaceStation 2 542198617 (192.168.8.205),All Users,200294,1:N authentication succeeded (Face)
2024-01-30 12:52:48,542198617,FaceStation 2 542198617 (192.168.8.205),All Users,200346,1:N authentication succeeded (Face)
2024-01-30 12:52:45,542198617,FaceStation 2 542198617 (192.168.8.205),All Users,200346,1:N authentication succeeded (Face)
2024-01-30 12:51:11,542198617,FaceStation 2 542198617 (192.168.8.205),All Users,200015,1:N authentication succeeded (Face)
2024-01-30 12:51:07,542198617,FaceStation 2 542198617 (192.168.8.205),All Users,200015,1:N authentication succeeded (Face)
2024-01-30 12:50:47,542198617,FaceStation 2 542198617 (192.168.8.205),All Users,200391,1:N authentication succeeded (Face)
2024-01-30 12:50:44,542198617,FaceStation 2 542198617 (192.168.8.205),All Users,200391,1:N authentication succeeded (Face)
2024-01-30 12:50:41,542198617,FaceStation 2 542198617 (192.168.8.205),All Users,200403,1:N authentication succeeded (Face)
2024-01-30 12:50:38,542198617,FaceStation 2 542198617 (192.168.8.205),All Users,200403,1:N authentication succeeded (Face)
2024-01-30 12:41:22,542198617,FaceStation 2 542198617 (192.168.8.205),All Users,200001,1:N authentication succeeded (Face)
2024-01-30 12:41:17,542198617,FaceStation 2 542198617 (192.168.8.205),All Users,200001,1:N authentication succeeded (Face)
2024-01-30 12:41:03,542198617,FaceStation 2 542198617 (192.168.8.205),All Users,993001024,1:N authentication succeeded (Face)
2024-01-30 12:41:00,542198617,FaceStation 2 542198617 (192.168.8.205),All Users,200006,1:N authentication succeeded (Face)
2024-01-30 12:37:50,542198617,FaceStation 2 542198617 (192.168.8.205),All Users,200186,1:N authentication succeeded (Face)
2024-01-30 12:36:14,542198617,FaceStation 2 542198617 (192.168.8.205),All Users,200064,1:N authentication succeeded (Face)
2024-01-30 12:35:36,542198617,FaceStation 2 542198617 (192.168.8.205),All Users,200371,1:N authentication succeeded (Face)
2024-01-30 12:35:32,542198617,FaceStation 2 542198617 (192.168.8.205),All Users,200371,1:N authentication succeeded (Face)
2024-01-30 12:33:51,542198617,FaceStation 2 542198617 (192.168.8.205),All Users,200408,1:N authentication succeeded (Face)
2024-01-30 12:33:22,542198617,FaceStation 2 542198617 (192.168.8.205),All Users,200401,1:N authentication succeeded (Face)
2024-01-30 12:33:19,542198617,FaceStation 2 542198617 (192.168.8.205),All Users,200402,1:N authentication succeeded (Face)
2024-01-30 12:32:53,542198617,FaceStation 2 542198617 (192.168.8.205),All Users,200294,1:N authentication succeeded (Face)
2024-01-30 12:32:49,542198617,FaceStation 2 542198617 (192.168.8.205),All Users,200357,1:N authentication succeeded (Face)
2024-01-30 12:32:46,542198617,FaceStation 2 542198617 (192.168.8.205),All Users,200014,1:N authentication succeeded (Face)
2024-01-30 12:32:43,542198617,FaceStation 2 542198617 (192.168.8.205),All Users,200014,1:N authentication succeeded (Face)
2024-01-30 12:32:38,542198617,FaceStation 2 542198617 (192.168.8.205),All Users,200384,1:N authentication succeeded (Face)
2024-01-30 12:32:13,542198617,FaceStation 2 542198617 (192.168.8.205),,,BioStar connected
2024-01-30 12:32:13,542198617,FaceStation 2 542198617 (192.168.8.205),All Users,200011,1:N authentication succeeded (Face)
2024-01-30 12:32:09,542198617,FaceStation 2 542198617 (192.168.8.205),All Users,200091,1:N authentication succeeded (Face)
2024-01-30 12:32:06,542198617,FaceStation 2 542198617 (192.168.8.205),All Users,200329,1:N authentication succeeded (Face)
2024-01-30 12:32:02,542198617,FaceStation 2 542198617 (192.168.8.205),All Users,200395,1:N authentication succeeded (Face)
2024-01-30 12:31:58,542198617,FaceStation 2 542198617 (192.168.8.205),All Users,200015,1:N authentication succeeded (Face)
2024-01-30 12:31:53,542198617,FaceStation 2 542198617 (192.168.8.205),All Users,200346,1:N authentication succeeded (Face)
2024-01-30 12:31:51,542198617,FaceStation 2 542198617 (192.168.8.205),All Users,200346,1:N authentication succeeded (Face)
2024-01-30 12:31:47,542198617,FaceStation 2 542198617 (192.168.8.205),All Users,200405,1:N authentication succeeded (Face)
2024-01-30 12:31:37,542198617,FaceStation 2 542198617 (192.168.8.205),All Users,200062,1:N authentication succeeded (Face)
2024-01-30 12:31:34,542198617,FaceStation 2 542198617 (192.168.8.205),All Users,200062,1:N authentication succeeded (Face)
2024-01-30 12:31:30,542198617,FaceStation 2 542198617 (192.168.8.205),All Users,200217,1:N authentication succeeded (Face)
2024-01-30 12:31:27,542198617,FaceStation 2 542198617 (192.168.8.205),All Users,200028,1:N authentication succeeded (Face)
2024-01-30 12:31:22,542198617,FaceStation 2 542198617 (192.168.8.205),All Users,200003,1:N authentication succeeded (Face)
2024-01-30 12:31:18,542198617,FaceStation 2 542198617 (192.168.8.205),All Users,200042,1:N authentication succeeded (Face)
2024-01-30 12:31:16,542198617,FaceStation 2 542198617 (192.168.8.205),All Users,200074,1:N authentication succeeded (Face)
2024-01-30 12:31:10,542198617,FaceStation 2 542198617 (192.168.8.205),All Users,200407,1:N authentication succeeded (Face)
2024-01-30 12:31:05,542198617,FaceStation 2 542198617 (192.168.8.205),All Users,200153,1:N authentication succeeded (Face)
2024-01-30 12:30:53,542198617,FaceStation 2 542198617 (192.168.8.205),All Users,200174,1:N authentication succeeded (Face)
2024-01-30 12:30:50,542198617,FaceStation 2 542198617 (192.168.8.205),All Users,200359,1:N authentication succeeded (Face)
2024-01-30 12:30:47,542198617,FaceStation 2 542198617 (192.168.8.205),All Users,200342,1:N authentication succeeded (Face)
2024-01-30 12:30:43,542198617,FaceStation 2 542198617 (192.168.8.205),All Users,200396,1:N authentication succeeded (Face)
2024-01-30 12:30:39,542198617,FaceStation 2 542198617 (192.168.8.205),All Users,200330,1:N authentication succeeded (Face)
2024-01-30 12:30:35,542198617,FaceStation 2 542198617 (192.168.8.205),All Users,200355,1:N authentication succeeded (Face)
2024-01-30 12:30:29,542198617,FaceStation 2 542198617 (192.168.8.205),All Users,200066,1:N authentication succeeded (Face)
2024-01-30 12:30:24,542198617,FaceStation 2 542198617 (192.168.8.205),All Users,200041,1:N authentication succeeded (Face)
2024-01-30 12:30:21,542198617,FaceStation 2 542198617 (192.168.8.205),All Users,200398,1:N authentication succeeded (Face)
2024-01-30 12:30:17,542198617,FaceStation 2 542198617 (192.168.8.205),All Users,200023,1:N authentication succeeded (Face)
2024-01-30 12:30:15,542198617,FaceStation 2 542198617 (192.168.8.205),All Users,200352,1:N authentication succeeded (Face)
2024-01-30 12:30:11,542198617,FaceStation 2 542198617 (192.168.8.205),All Users,200222,1:N authentication succeeded (Face)
2024-01-30 12:30:09,542198617,FaceStation 2 542198617 (192.168.8.205),All Users,200368,1:N authentication succeeded (Face)
2024-01-30 12:30:06,542198617,FaceStation 2 542198617 (192.168.8.205),All Users,200072,1:N authentication succeeded (Face)
2024-01-30 12:30:02,542198617,FaceStation 2 542198617 (192.168.8.205),All Users,200392,1:N authentication succeeded (Face)
2024-01-30 12:29:58,542198617,FaceStation 2 542198617 (192.168.8.205),All Users,200222,1:N authentication succeeded (Face)
2024-01-30 12:29:54,542198617,FaceStation 2 542198617 (192.168.8.205),All Users,200021,1:N authentication succeeded (Face)
2024-01-30 12:29:52,542198617,FaceStation 2 542198617 (192.168.8.205),All Users,200404,1:N authentication succeeded (Face)
2024-01-30 12:29:48,542198617,FaceStation 2 542198617 (192.168.8.205),All Users,200298,1:N authentication succeeded (Face)
2024-01-30 12:29:45,542198617,FaceStation 2 542198617 (192.168.8.205),All Users,200031,1:N authentication succeeded (Face)
2024-01-30 12:29:42,542198617,FaceStation 2 542198617 (192.168.8.205),All Users,200348,1:N authentication succeeded (Face)
2024-01-30 12:29:39,542198617,FaceStation 2 542198617 (192.168.8.205),All Users,200399,1:N authentication succeeded (Face)
2024-01-30 12:29:36,542198617,FaceStation 2 542198617 (192.168.8.205),All Users,200110,1:N authentication succeeded (Face)
2024-01-30 12:29:33,542198617,FaceStation 2 542198617 (192.168.8.205),All Users,200372,1:N authentication succeeded (Face)
2024-01-30 12:29:30,542198617,FaceStation 2 542198617 (192.168.8.205),All Users,200376,1:N authentication succeeded (Face)
2024-01-30 12:29:27,542198617,FaceStation 2 542198617 (192.168.8.205),All Users,200367,1:N authentication succeeded (Face)
2024-01-30 12:29:24,542198617,FaceStation 2 542198617 (192.168.8.205),All Users,200242,1:N authentication succeeded (Face)
2024-01-30 12:29:19,542198617,FaceStation 2 542198617 (192.168.8.205),All Users,200406,1:N authentication succeeded (Face)
2024-01-30 12:29:15,542198617,FaceStation 2 542198617 (192.168.8.205),All Users,200099,1:N authentication succeeded (Face)
2024-01-30 11:50:35,542198617,FaceStation 2 542198617 (192.168.8.205),,,BioStar disconnected
2024-01-30 11:24:13,542198617,FaceStation 2 542198617 (192.168.8.205),,,BioStar connected
2024-01-30 09:19:24,542198617,FaceStation 2 542198617 (192.168.8.205),,,BioStar disconnected
2024-01-30 09:03:36,542198617,FaceStation 2 542198617 (192.168.8.205),All Users,200222,1:N authentication succeeded (Face)
2024-01-30 09:03:34,542198617,FaceStation 2 542198617 (192.168.8.205),All Users,200222,1:N authentication succeeded (Face)
2024-01-30 08:33:13,542198617,FaceStation 2 542198617 (192.168.8.205),,,BioStar connected
2024-01-30 08:11:53,542198617,FaceStation 2 542198617 (192.168.8.205),All Users,200394,1:N authentication succeeded (Face)
2024-01-30 08:10:44,542198617,FaceStation 2 542198617 (192.168.8.205),All Users,200074,1:N authentication succeeded (Face)
2024-01-30 08:09:02,542198617,FaceStation 2 542198617 (192.168.8.205),All Users,200359,1:N authentication succeeded (Face)
2024-01-30 08:09:00,542198617,FaceStation 2 542198617 (192.168.8.205),All Users,200359,1:N authentication succeeded (Face)
2024-01-30 08:07:05,542198617,FaceStation 2 542198617 (192.168.8.205),All Users,200072,1:N authentication succeeded (Face)
2024-01-30 08:06:44,542198617,FaceStation 2 542198617 (192.168.8.205),All Users,200064,1:N authentication succeeded (Face)
2024-01-30 08:06:27,542198617,FaceStation 2 542198617 (192.168.8.205),All Users,200346,1:N authentication succeeded (Face)
2024-01-30 08:06:25,542198617,FaceStation 2 542198617 (192.168.8.205),All Users,200346,1:N authentication succeeded (Face)
2024-01-30 08:06:15,542198617,FaceStation 2 542198617 (192.168.8.205),All Users,200404,1:N authentication succeeded (Face)
2024-01-30 08:06:12,542198617,FaceStation 2 542198617 (192.168.8.205),All Users,200404,1:N authentication succeeded (Face)
2024-01-30 08:05:37,542198617,FaceStation 2 542198617 (192.168.8.205),All Users,200352,1:N authentication succeeded (Face)
2024-01-30 08:05:35,542198617,FaceStation 2 542198617 (192.168.8.205),All Users,200352,1:N authentication succeeded (Face)
2024-01-30 08:04:16,542198617,FaceStation 2 542198617 (192.168.8.205),All Users,200217,1:N authentication succeeded (Face)
2024-01-30 08:03:05,542198617,FaceStation 2 542198617 (192.168.8.205),All Users,200342,1:N authentication succeeded (Face)
2024-01-30 08:03:02,542198617,FaceStation 2 542198617 (192.168.8.205),All Users,200342,1:N authentication succeeded (Face)
2024-01-30 08:02:56,542198617,FaceStation 2 542198617 (192.168.8.205),All Users,200066,1:N authentication succeeded (Face)
2024-01-30 08:02:43,542198617,FaceStation 2 542198617 (192.168.8.205),All Users,200041,1:N authentication succeeded (Face)
2024-01-30 08:02:34,542198617,FaceStation 2 542198617 (192.168.8.205),All Users,200298,1:N authentication succeeded (Face)
2024-01-30 08:02:32,542198617,FaceStation 2 542198617 (192.168.8.205),All Users,200298,1:N authentication succeeded (Face)
2024-01-30 08:02:15,542198617,FaceStation 2 542198617 (192.168.8.205),All Users,200294,1:N authentication succeeded (Face)
2024-01-30 08:02:09,542198617,FaceStation 2 542198617 (192.168.8.205),All Users,200110,1:N authentication succeeded (Face)
2024-01-30 08:01:07,542198617,FaceStation 2 542198617 (192.168.8.205),All Users,200001,1:N authentication succeeded (Face)
2024-01-30 08:01:05,542198617,FaceStation 2 542198617 (192.168.8.205),All Users,200001,1:N authentication succeeded (Face)
2024-01-30 08:01:02,542198617,FaceStation 2 542198617 (192.168.8.205),All Users,200329,1:N authentication succeeded (Face)
2024-01-30 08:00:59,542198617,FaceStation 2 542198617 (192.168.8.205),All Users,200329,1:N authentication succeeded (Face)
2024-01-30 08:00:57,542198617,FaceStation 2 542198617 (192.168.8.205),All Users,200153,1:N authentication succeeded (Face)
2024-01-30 08:00:54,542198617,FaceStation 2 542198617 (192.168.8.205),All Users,200011,1:N authentication succeeded (Face)
2024-01-30 07:59:47,542198617,FaceStation 2 542198617 (192.168.8.205),All Users,200174,1:N authentication succeeded (Face)
2024-01-30 07:59:44,542198617,FaceStation 2 542198617 (192.168.8.205),All Users,200174,1:N authentication succeeded (Face)
2024-01-30 07:58:32,542198617,FaceStation 2 542198617 (192.168.8.205),All Users,200021,1:N authentication succeeded (Face)
2024-01-30 07:58:29,542198617,FaceStation 2 542198617 (192.168.8.205),All Users,200357,1:N authentication succeeded (Face)
2024-01-30 07:57:30,542198617,FaceStation 2 542198617 (192.168.8.205),All Users,200395,1:N authentication succeeded (Face)
2024-01-30 07:57:06,542198617,FaceStation 2 542198617 (192.168.8.205),All Users,200242,1:N authentication succeeded (Face)
2024-01-30 07:56:49,542198617,FaceStation 2 542198617 (192.168.8.205),All Users,200006,1:N authentication succeeded (Face)
2024-01-30 07:56:38,542198617,FaceStation 2 542198617 (192.168.8.205),All Users,200406,1:N authentication succeeded (Face)
2024-01-30 07:56:36,542198617,FaceStation 2 542198617 (192.168.8.205),All Users,200407,1:N authentication succeeded (Face)
2024-01-30 07:56:25,542198617,FaceStation 2 542198617 (192.168.8.205),All Users,200014,1:N authentication succeeded (Face)
2024-01-30 07:56:22,542198617,FaceStation 2 542198617 (192.168.8.205),All Users,200028,1:N authentication succeeded (Face)
2024-01-30 07:56:05,542198617,FaceStation 2 542198617 (192.168.8.205),All Users,200023,1:N authentication succeeded (Face)
2024-01-30 07:56:02,542198617,FaceStation 2 542198617 (192.168.8.205),All Users,200371,1:N authentication succeeded (Face)
2024-01-30 07:55:58,542198617,FaceStation 2 542198617 (192.168.8.205),All Users,200371,1:N authentication succeeded (Face)
2024-01-30 07:55:29,542198617,FaceStation 2 542198617 (192.168.8.205),All Users,200405,1:N authentication succeeded (Face)
2024-01-30 07:55:07,542198617,FaceStation 2 542198617 (192.168.8.205),All Users,200384,1:N authentication succeeded (Face)
2024-01-30 07:54:36,542198617,FaceStation 2 542198617 (192.168.8.205),All Users,200348,1:N authentication succeeded (Face)
2024-01-30 07:54:32,542198617,FaceStation 2 542198617 (192.168.8.205),All Users,200091,1:N authentication succeeded (Face)
2024-01-30 07:54:07,542198617,FaceStation 2 542198617 (192.168.8.205),All Users,200367,1:N authentication succeeded (Face)
2024-01-30 07:53:54,542198617,FaceStation 2 542198617 (192.168.8.205),All Users,200372,1:N authentication succeeded (Face)
2024-01-30 07:53:42,542198617,FaceStation 2 542198617 (192.168.8.205),All Users,200355,1:N authentication succeeded (Face)
2024-01-30 07:53:39,542198617,FaceStation 2 542198617 (192.168.8.205),All Users,200355,1:N authentication succeeded (Face)
2024-01-30 07:53:37,542198617,FaceStation 2 542198617 (192.168.8.205),All Users,200355,1:N authentication succeeded (Face)
2024-01-30 07:53:34,542198617,FaceStation 2 542198617 (192.168.8.205),All Users,200355,1:N authentication succeeded (Face)
2024-01-30 07:53:31,542198617,FaceStation 2 542198617 (192.168.8.205),All Users,200099,1:N authentication succeeded (Face)
2024-01-30 07:53:28,542198617,FaceStation 2 542198617 (192.168.8.205),All Users,200099,1:N authentication succeeded (Face)
2024-01-30 07:53:25,542198617,FaceStation 2 542198617 (192.168.8.205),All Users,200392,1:N authentication succeeded (Face)
2024-01-30 07:53:23,542198617,FaceStation 2 542198617 (192.168.8.205),All Users,200392,1:N authentication succeeded (Face)
2024-01-30 07:53:16,542198617,FaceStation 2 542198617 (192.168.8.205),All Users,200186,1:N authentication succeeded (Face)
2024-01-30 07:53:06,542198617,FaceStation 2 542198617 (192.168.8.205),All Users,200399,1:N authentication succeeded (Face)
2024-01-30 07:53:04,542198617,FaceStation 2 542198617 (192.168.8.205),All Users,200396,1:N authentication succeeded (Face)
2024-01-30 07:52:33,542198617,FaceStation 2 542198617 (192.168.8.205),All Users,200408,1:N authentication succeeded (Face)
2024-01-30 07:52:28,542198617,FaceStation 2 542198617 (192.168.8.205),All Users,200330,1:N authentication succeeded (Face)
2024-01-30 07:52:19,542198617,FaceStation 2 542198617 (192.168.8.205),All Users,200376,1:N authentication succeeded (Face)
2024-01-30 07:52:16,542198617,FaceStation 2 542198617 (192.168.8.205),All Users,200376,1:N authentication succeeded (Face)
2024-01-30 07:52:11,542198617,FaceStation 2 542198617 (192.168.8.205),All Users,200015,1:N authentication succeeded (Face)
2024-01-30 07:52:07,542198617,FaceStation 2 542198617 (192.168.8.205),All Users,200015,1:N authentication succeeded (Face)
2024-01-30 07:51:33,542198617,FaceStation 2 542198617 (192.168.8.205),All Users,200042,1:N authentication succeeded (Face)
2024-01-30 07:51:29,542198617,FaceStation 2 542198617 (192.168.8.205),All Users,200031,1:N authentication succeeded (Face)
2024-01-30 07:50:20,542198617,FaceStation 2 542198617 (192.168.8.205),All Users,993001024,1:N authentication succeeded (Face)
2024-01-30 07:50:17,542198617,FaceStation 2 542198617 (192.168.8.205),All Users,993001024,1:N authentication succeeded (Face)
2024-01-30 07:45:51,542198617,FaceStation 2 542198617 (192.168.8.205),All Users,200403,1:N authentication succeeded (Face)
2024-01-30 07:45:47,542198617,FaceStation 2 542198617 (192.168.8.205),All Users,200403,1:N authentication succeeded (Face)
2024-01-30 07:45:44,542198617,FaceStation 2 542198617 (192.168.8.205),All Users,200391,1:N authentication succeeded (Face)
2024-01-30 07:45:38,542198617,FaceStation 2 542198617 (192.168.8.205),All Users,200391,1:N authentication succeeded (Face)
2024-01-30 07:44:11,542198617,FaceStation 2 542198617 (192.168.8.205),All Users,200062,1:N authentication succeeded (Face)
2024-01-30 07:44:08,542198617,FaceStation 2 542198617 (192.168.8.205),All Users,200062,1:N authentication succeeded (Face)
2024-01-30 07:43:00,542198617,FaceStation 2 542198617 (192.168.8.205),All Users,200402,1:N authentication succeeded (Face)
2024-01-30 07:42:56,542198617,FaceStation 2 542198617 (192.168.8.205),All Users,200401,1:N authentication succeeded (Face)
2024-01-30 07:20:35,542198617,FaceStation 2 542198617 (192.168.8.205),All Users,200398,1:N authentication succeeded (Face)
2024-01-30 07:18:05,542198617,FaceStation 2 542198617 (192.168.8.205),All Users,200368,1:N authentication succeeded (Face)
2024-01-30 07:18:02,542198617,FaceStation 2 542198617 (192.168.8.205),All Users,200368,1:N authentication succeeded (Face)
2024-01-30 06:55:50,542198617,FaceStation 2 542198617 (192.168.8.205),All Users,200389,1:N authentication succeeded (Face)
2024-01-30 06:55:47,542198617,FaceStation 2 542198617 (192.168.8.205),All Users,200389,1:N authentication succeeded (Face)
2024-01-30 06:50:00,542198617,FaceStation 2 542198617 (192.168.8.205),All Users,200003,1:N authentication succeeded (Face)
2024-01-30 06:26:22,542198617,FaceStation 2 542198617 (192.168.8.205),All Users,200389,1:N authentication succeeded (Face)
2024-01-30 06:26:20,542198617,FaceStation 2 542198617 (192.168.8.205),All Users,200389,1:N authentication succeeded (Face)
2024-01-29 19:06:17,542198617,FaceStation 2 542198617 (192.168.8.205),All Users,200389,1:N authentication succeeded (Face)
2024-01-29 19:01:37,542198617,FaceStation 2 542198617 (192.168.8.205),All Users,200389,1:N authentication succeeded (Face)
2024-01-29 19:01:35,542198617,FaceStation 2 542198617 (192.168.8.205),All Users,200389,1:N authentication succeeded (Face)
2024-01-29 18:38:24,542198617,FaceStation 2 542198617 (192.168.8.205),All Users,200011,1:N authentication succeeded (Face)
2024-01-29 18:21:54,542198617,FaceStation 2 542198617 (192.168.8.205),All Users,993001024,1:N authentication succeeded (Face)
2024-01-29 18:21:51,542198617,FaceStation 2 542198617 (192.168.8.205),All Users,993001024,1:N authentication succeeded (Face)
2024-01-29 18:21:49,542198617,FaceStation 2 542198617 (192.168.8.205),All Users,200006,1:N authentication succeeded (Face)
2024-01-29 18:20:15,542198617,FaceStation 2 542198617 (192.168.8.205),All Users,200006,1:N authentication succeeded (Face)
2024-01-29 18:20:12,542198617,FaceStation 2 542198617 (192.168.8.205),All Users,200006,1:N authentication succeeded (Face)
2024-01-29 18:18:08,542198617,FaceStation 2 542198617 (192.168.8.205),,,BioStar disconnected
2024-01-29 17:57:53,542198617,FaceStation 2 542198617 (192.168.8.205),All Users,200352,1:N authentication succeeded (Face)
2024-01-29 17:57:50,542198617,FaceStation 2 542198617 (192.168.8.205),All Users,200352,1:N authentication succeeded (Face)
2024-01-29 17:57:48,542198617,FaceStation 2 542198617 (192.168.8.205),All Users,200222,1:N authentication succeeded (Face)
2024-01-29 17:57:45,542198617,FaceStation 2 542198617 (192.168.8.205),All Users,200222,1:N authentication succeeded (Face)
2024-01-29 17:52:55,542198617,FaceStation 2 542198617 (192.168.8.205),All Users,200066,1:N authentication succeeded (Face)
2024-01-29 17:44:08,542198617,FaceStation 2 542198617 (192.168.8.205),All Users,200403,1:N authentication succeeded (Face)
2024-01-29 17:44:05,542198617,FaceStation 2 542198617 (192.168.8.205),All Users,200403,1:N authentication succeeded (Face)
2024-01-29 17:42:45,542198617,FaceStation 2 542198617 (192.168.8.205),All Users,200153,1:N authentication succeeded (Face)
2024-01-29 17:41:30,542198617,FaceStation 2 542198617 (192.168.8.205),All Users,200398,1:N authentication succeeded (Face)
2024-01-29 17:41:21,542198617,FaceStation 2 542198617 (192.168.8.205),All Users,200015,1:N authentication succeeded (Face)
2024-01-29 17:41:19,542198617,FaceStation 2 542198617 (192.168.8.205),All Users,200015,1:N authentication succeeded (Face)
2024-01-29 17:41:16,542198617,FaceStation 2 542198617 (192.168.8.205),All Users,200394,1:N authentication succeeded (Face)
2024-01-29 17:40:55,542198617,FaceStation 2 542198617 (192.168.8.205),All Users,200402,1:N authentication succeeded (Face)
2024-01-29 17:40:52,542198617,FaceStation 2 542198617 (192.168.8.205),All Users,200401,1:N authentication succeeded (Face)
2024-01-29 17:39:54,542198617,FaceStation 2 542198617 (192.168.8.205),All Users,200342,1:N authentication succeeded (Face)
2024-01-29 17:39:49,542198617,FaceStation 2 542198617 (192.168.8.205),All Users,200346,1:N authentication succeeded (Face)
2024-01-29 17:39:46,542198617,FaceStation 2 542198617 (192.168.8.205),All Users,200346,1:N authentication succeeded (Face)
2024-01-29 17:39:40,542198617,FaceStation 2 542198617 (192.168.8.205),All Users,200174,1:N authentication succeeded (Face)
2024-01-29 17:39:37,542198617,FaceStation 2 542198617 (192.168.8.205),All Users,200174,1:N authentication succeeded (Face)
2024-01-29 17:39:34,542198617,FaceStation 2 542198617 (192.168.8.205),All Users,200064,1:N authentication succeeded (Face)
2024-01-29 17:39:31,542198617,FaceStation 2 542198617 (192.168.8.205),All Users,200064,1:N authentication succeeded (Face)
2024-01-29 17:39:27,542198617,FaceStation 2 542198617 (192.168.8.205),All Users,200099,1:N authentication succeeded (Face)
2024-01-29 17:39:24,542198617,FaceStation 2 542198617 (192.168.8.205),All Users,200099,1:N authentication succeeded (Face)
2024-01-29 17:39:21,542198617,FaceStation 2 542198617 (192.168.8.205),All Users,200355,1:N authentication succeeded (Face)
2024-01-29 17:39:18,542198617,FaceStation 2 542198617 (192.168.8.205),All Users,200355,1:N authentication succeeded (Face)
2024-01-29 17:39:16,542198617,FaceStation 2 542198617 (192.168.8.205),All Users,200355,1:N authentication succeeded (Face)
2024-01-29 17:39:13,542198617,FaceStation 2 542198617 (192.168.8.205),All Users,200298,1:N authentication succeeded (Face)
2024-01-29 17:39:10,542198617,FaceStation 2 542198617 (192.168.8.205),All Users,200031,1:N authentication succeeded (Face)
2024-01-29 17:39:07,542198617,FaceStation 2 542198617 (192.168.8.205),All Users,200001,1:N authentication succeeded (Face)
2024-01-29 17:39:04,542198617,FaceStation 2 542198617 (192.168.8.205),All Users,200001,1:N authentication succeeded (Face)
2024-01-29 17:39:00,542198617,FaceStation 2 542198617 (192.168.8.205),All Users,200242,1:N authentication succeeded (Face)
2024-01-29 17:38:57,542198617,FaceStation 2 542198617 (192.168.8.205),All Users,200371,1:N authentication succeeded (Face)
2024-01-29 17:38:54,542198617,FaceStation 2 542198617 (192.168.8.205),All Users,200074,1:N authentication succeeded (Face)
2024-01-29 17:38:51,542198617,FaceStation 2 542198617 (192.168.8.205),All Users,200074,1:N authentication succeeded (Face)
2024-01-29 17:38:48,542198617,FaceStation 2 542198617 (192.168.8.205),All Users,200042,1:N authentication succeeded (Face)
2024-01-29 17:38:44,542198617,FaceStation 2 542198617 (192.168.8.205),All Users,200042,1:N authentication succeeded (Face)
2024-01-29 17:38:34,542198617,FaceStation 2 542198617 (192.168.8.205),All Users,200404,1:N authentication succeeded (Face)
2024-01-29 17:38:22,542198617,FaceStation 2 542198617 (192.168.8.205),All Users,200384,1:N authentication succeeded (Face)
2024-01-29 17:38:19,542198617,FaceStation 2 542198617 (192.168.8.205),All Users,200072,1:N authentication succeeded (Face)
2024-01-29 17:38:16,542198617,FaceStation 2 542198617 (192.168.8.205),All Users,200407,1:N authentication succeeded (Face)
2024-01-29 17:38:12,542198617,FaceStation 2 542198617 (192.168.8.205),All Users,200391,1:N authentication succeeded (Face)
2024-01-29 17:38:08,542198617,FaceStation 2 542198617 (192.168.8.205),All Users,200359,1:N authentication succeeded (Face)
2024-01-29 17:38:05,542198617,FaceStation 2 542198617 (192.168.8.205),All Users,200041,1:N authentication succeeded (Face)
2024-01-29 17:38:02,542198617,FaceStation 2 542198617 (192.168.8.205),All Users,200166,1:N authentication succeeded (Face)
2024-01-29 17:37:59,542198617,FaceStation 2 542198617 (192.168.8.205),All Users,200186,1:N authentication succeeded (Face)
2024-01-29 17:37:54,542198617,FaceStation 2 542198617 (192.168.8.205),All Users,200330,1:N authentication succeeded (Face)
2024-01-29 17:37:50,542198617,FaceStation 2 542198617 (192.168.8.205),,,Authentication failed (Timeout)
2024-01-29 17:37:41,542198617,FaceStation 2 542198617 (192.168.8.205),All Users,200404,1:N authentication succeeded (Face)
2024-01-29 17:37:36,542198617,FaceStation 2 542198617 (192.168.8.205),All Users,200062,1:N authentication succeeded (Face)
2024-01-29 17:37:33,542198617,FaceStation 2 542198617 (192.168.8.205),All Users,200062,1:N authentication succeeded (Face)
2024-01-29 17:37:26,542198617,FaceStation 2 542198617 (192.168.8.205),All Users,200110,1:N authentication succeeded (Face)
2024-01-29 17:37:24,542198617,FaceStation 2 542198617 (192.168.8.205),All Users,200110,1:N authentication succeeded (Face)
2024-01-29 17:37:19,542198617,FaceStation 2 542198617 (192.168.8.205),All Users,200408,1:N authentication succeeded (Face)
2024-01-29 17:37:16,542198617,FaceStation 2 542198617 (192.168.8.205),All Users,200217,1:N authentication succeeded (Face)
2024-01-29 17:37:13,542198617,FaceStation 2 542198617 (192.168.8.205),All Users,200023,1:N authentication succeeded (Face)
2024-01-29 17:37:10,542198617,FaceStation 2 542198617 (192.168.8.205),All Users,200348,1:N authentication succeeded (Face)
2024-01-29 17:37:06,542198617,FaceStation 2 542198617 (192.168.8.205),All Users,200348,1:N authentication succeeded (Face)
2024-01-29 17:37:03,542198617,FaceStation 2 542198617 (192.168.8.205),All Users,200392,1:N authentication succeeded (Face)
2024-01-29 17:37:00,542198617,FaceStation 2 542198617 (192.168.8.205),All Users,200091,1:N authentication succeeded (Face)
2024-01-29 17:36:56,542198617,FaceStation 2 542198617 (192.168.8.205),All Users,200294,1:N authentication succeeded (Face)
2024-01-29 17:36:51,542198617,FaceStation 2 542198617 (192.168.8.205),All Users,200329,1:N authentication succeeded (Face)
2024-01-29 17:36:48,542198617,FaceStation 2 542198617 (192.168.8.205),All Users,200395,1:N authentication succeeded (Face)
2024-01-29 17:36:38,542198617,FaceStation 2 542198617 (192.168.8.205),All Users,200400,1:N authentication succeeded (Face)
2024-01-29 17:36:35,542198617,FaceStation 2 542198617 (192.168.8.205),All Users,200400,1:N authentication succeeded (Face)
2024-01-29 17:36:33,542198617,FaceStation 2 542198617 (192.168.8.205),All Users,200021,1:N authentication succeeded (Face)
2024-01-29 17:36:27,542198617,FaceStation 2 542198617 (192.168.8.205),All Users,200396,1:N authentication succeeded (Face)
2024-01-29 17:36:23,542198617,FaceStation 2 542198617 (192.168.8.205),All Users,200368,1:N authentication succeeded (Face)
2024-01-29 17:36:21,542198617,FaceStation 2 542198617 (192.168.8.205),All Users,200357,1:N authentication succeeded (Face)
2024-01-29 17:36:17,542198617,FaceStation 2 542198617 (192.168.8.205),All Users,200406,1:N authentication succeeded (Face)
2024-01-29 17:36:15,542198617,FaceStation 2 542198617 (192.168.8.205),All Users,200399,1:N authentication succeeded (Face)
2024-01-29 17:36:12,542198617,FaceStation 2 542198617 (192.168.8.205),All Users,200372,1:N authentication succeeded (Face)
2024-01-29 17:36:09,542198617,FaceStation 2 542198617 (192.168.8.205),All Users,200376,1:N authentication succeeded (Face)
2024-01-29 17:36:05,542198617,FaceStation 2 542198617 (192.168.8.205),All Users,200405,1:N authentication succeeded (Face)
2024-01-29 17:36:02,542198617,FaceStation 2 542198617 (192.168.8.205),All Users,200367,1:N authentication succeeded (Face)
2024-01-29 17:02:27,542198617,FaceStation 2 542198617 (192.168.8.205),All Users,200006,1:N authentication succeeded (Face)
2024-01-29 14:31:24,542198617,FaceStation 2 542198617 (192.168.8.205),All Users,200408,1:N authentication succeeded (Face)
2024-01-29 14:31:18,542198617,FaceStation 2 542198617 (192.168.8.205),All Users,200408,User update succeeded
2024-01-29 14:30:25,542198617,FaceStation 2 542198617 (192.168.8.205),All Users,200408,User enrollment succeeded
2024-01-29 14:24:58,542198617,FaceStation 2 542198617 (192.168.8.205),,,BioStar connected
2024-01-29 13:37:15,542198617,FaceStation 2 542198617 (192.168.8.205),All Users,200404,1:N authentication succeeded (Face)
2024-01-29 13:37:11,542198617,FaceStation 2 542198617 (192.168.8.205),All Users,200404,1:N authentication succeeded (Face)
2024-01-29 13:35:53,542198617,FaceStation 2 542198617 (192.168.8.205),All Users,200006,1:N authentication succeeded (Face)
2024-01-29 13:23:27,542198617,FaceStation 2 542198617 (192.168.8.205),All Users,993001024,1:N authentication succeeded (Face)
2024-01-29 13:23:24,542198617,FaceStation 2 542198617 (192.168.8.205),All Users,200398,1:N authentication succeeded (Face)
2024-01-29 13:19:47,542198617,FaceStation 2 542198617 (192.168.8.205),All Users,200099,1:N authentication succeeded (Face)
2024-01-29 13:19:43,542198617,FaceStation 2 542198617 (192.168.8.205),All Users,200392,1:N authentication succeeded (Face)
2024-01-29 13:06:05,542198617,FaceStation 2 542198617 (192.168.8.205),All Users,200368,1:N authentication succeeded (Face)
2024-01-29 13:06:00,542198617,FaceStation 2 542198617 (192.168.8.205),All Users,200066,1:N authentication succeeded (Face)
2024-01-29 13:05:35,542198617,FaceStation 2 542198617 (192.168.8.205),All Users,200371,1:N authentication succeeded (Face)
2024-01-29 13:05:31,542198617,FaceStation 2 542198617 (192.168.8.205),All Users,200371,1:N authentication succeeded (Face)
2024-01-29 13:04:54,542198617,FaceStation 2 542198617 (192.168.8.205),All Users,200352,1:N authentication succeeded (Face)
2024-01-29 13:04:52,542198617,FaceStation 2 542198617 (192.168.8.205),All Users,200352,1:N authentication succeeded (Face)
2024-01-29 13:04:49,542198617,FaceStation 2 542198617 (192.168.8.205),All Users,200222,1:N authentication succeeded (Face)
2024-01-29 13:04:46,542198617,FaceStation 2 542198617 (192.168.8.205),All Users,200222,1:N authentication succeeded (Face)
2024-01-29 13:04:17,542198617,FaceStation 2 542198617 (192.168.8.205),All Users,200110,1:N authentication succeeded (Face)
2024-01-29 13:03:49,542198617,FaceStation 2 542198617 (192.168.8.205),All Users,200031,1:N authentication succeeded (Face)
2024-01-29 13:03:22,542198617,FaceStation 2 542198617 (192.168.8.205),All Users,200405,1:N authentication succeeded (Face)
2024-01-29 13:03:19,542198617,FaceStation 2 542198617 (192.168.8.205),All Users,200405,1:N authentication succeeded (Face)
2024-01-29 13:03:15,542198617,FaceStation 2 542198617 (192.168.8.205),All Users,200242,1:N authentication succeeded (Face)
2024-01-29 13:03:12,542198617,FaceStation 2 542198617 (192.168.8.205),All Users,200174,1:N authentication succeeded (Face)
2024-01-29 13:03:09,542198617,FaceStation 2 542198617 (192.168.8.205),All Users,200174,1:N authentication succeeded (Face)
2024-01-29 13:02:24,542198617,FaceStation 2 542198617 (192.168.8.205),All Users,200021,1:N authentication succeeded (Face)
2024-01-29 13:02:20,542198617,FaceStation 2 542198617 (192.168.8.205),All Users,200355,1:N authentication succeeded (Face)
2024-01-29 13:01:35,542198617,FaceStation 2 542198617 (192.168.8.205),All Users,200329,1:N authentication succeeded (Face)
2024-01-29 13:01:29,542198617,FaceStation 2 542198617 (192.168.8.205),All Users,200395,1:N authentication succeeded (Face)
2024-01-29 13:01:10,542198617,FaceStation 2 542198617 (192.168.8.205),All Users,200294,1:N authentication succeeded (Face)
2024-01-29 13:01:01,542198617,FaceStation 2 542198617 (192.168.8.205),All Users,200357,1:N authentication succeeded (Face)
2024-01-29 13:00:56,542198617,FaceStation 2 542198617 (192.168.8.205),All Users,200348,1:N authentication succeeded (Face)
2024-01-29 13:00:51,542198617,FaceStation 2 542198617 (192.168.8.205),All Users,200342,1:N authentication succeeded (Face)
2024-01-29 13:00:34,542198617,FaceStation 2 542198617 (192.168.8.205),All Users,200011,1:N authentication succeeded (Face)
2024-01-29 13:00:31,542198617,FaceStation 2 542198617 (192.168.8.205),All Users,200042,1:N authentication succeeded (Face)
2024-01-29 13:00:17,542198617,FaceStation 2 542198617 (192.168.8.205),All Users,200217,1:N authentication succeeded (Face)
2024-01-29 13:00:12,542198617,FaceStation 2 542198617 (192.168.8.205),All Users,200072,1:N authentication succeeded (Face)
2024-01-29 12:59:59,542198617,FaceStation 2 542198617 (192.168.8.205),All Users,200091,1:N authentication succeeded (Face)
2024-01-29 12:59:53,542198617,FaceStation 2 542198617 (192.168.8.205),All Users,200186,1:N authentication succeeded (Face)
2024-01-29 12:59:25,542198617,FaceStation 2 542198617 (192.168.8.205),All Users,200359,1:N authentication succeeded (Face)
2024-01-29 12:59:21,542198617,FaceStation 2 542198617 (192.168.8.205),All Users,200367,1:N authentication succeeded (Face)
2024-01-29 12:59:16,542198617,FaceStation 2 542198617 (192.168.8.205),All Users,200359,1:N authentication succeeded (Face)
2024-01-29 12:59:13,542198617,FaceStation 2 542198617 (192.168.8.205),All Users,200367,1:N authentication succeeded (Face)
2024-01-29 12:58:51,542198617,FaceStation 2 542198617 (192.168.8.205),All Users,200396,1:N authentication succeeded (Face)
2024-01-29 12:58:34,542198617,FaceStation 2 542198617 (192.168.8.205),All Users,200399,1:N authentication succeeded (Face)
2024-01-29 12:58:31,542198617,FaceStation 2 542198617 (192.168.8.205),All Users,200330,1:N authentication succeeded (Face)
2024-01-29 12:58:18,542198617,FaceStation 2 542198617 (192.168.8.205),All Users,200402,1:N authentication succeeded (Face)
2024-01-29 12:58:15,542198617,FaceStation 2 542198617 (192.168.8.205),All Users,200401,1:N authentication succeeded (Face)
2024-01-29 12:58:11,542198617,FaceStation 2 542198617 (192.168.8.205),All Users,200041,1:N authentication succeeded (Face)
2024-01-29 12:56:54,542198617,FaceStation 2 542198617 (192.168.8.205),All Users,200074,1:N authentication succeeded (Face)
2024-01-29 12:56:47,542198617,FaceStation 2 542198617 (192.168.8.205),All Users,200394,1:N authentication succeeded (Face)
2024-01-29 12:56:43,542198617,FaceStation 2 542198617 (192.168.8.205),All Users,200384,1:N authentication succeeded (Face)
2024-01-29 12:56:18,542198617,FaceStation 2 542198617 (192.168.8.205),All Users,200064,1:N authentication succeeded (Face)
2024-01-29 12:56:12,542198617,FaceStation 2 542198617 (192.168.8.205),All Users,200406,1:N authentication succeeded (Face)
2024-01-29 12:56:09,542198617,FaceStation 2 542198617 (192.168.8.205),All Users,200407,1:N authentication succeeded (Face)
2024-01-29 12:55:53,542198617,FaceStation 2 542198617 (192.168.8.205),All Users,200062,1:N authentication succeeded (Face)
2024-01-29 12:55:50,542198617,FaceStation 2 542198617 (192.168.8.205),All Users,200062,1:N authentication succeeded (Face)
2024-01-29 12:55:35,542198617,FaceStation 2 542198617 (192.168.8.205),All Users,200001,1:N authentication succeeded (Face)
2024-01-29 12:55:33,542198617,FaceStation 2 542198617 (192.168.8.205),All Users,200001,1:N authentication succeeded (Face)
2024-01-29 12:54:57,542198617,FaceStation 2 542198617 (192.168.8.205),All Users,200376,1:N authentication succeeded (Face)
2024-01-29 12:54:54,542198617,FaceStation 2 542198617 (192.168.8.205),All Users,200372,1:N authentication succeeded (Face)
2024-01-29 12:53:48,542198617,FaceStation 2 542198617 (192.168.8.205),All Users,200371,1:N authentication succeeded (Face)
2024-01-29 12:53:44,542198617,FaceStation 2 542198617 (192.168.8.205),All Users,200371,1:N authentication succeeded (Face)
2024-01-29 12:53:40,542198617,FaceStation 2 542198617 (192.168.8.205),All Users,200298,1:N authentication succeeded (Face)
2024-01-29 12:53:37,542198617,FaceStation 2 542198617 (192.168.8.205),All Users,200298,1:N authentication succeeded (Face)
2024-01-29 12:52:14,542198617,FaceStation 2 542198617 (192.168.8.205),All Users,200015,1:N authentication succeeded (Face)
2024-01-29 12:52:10,542198617,FaceStation 2 542198617 (192.168.8.205),All Users,200015,1:N authentication succeeded (Face)
2024-01-29 12:51:53,542198617,FaceStation 2 542198617 (192.168.8.205),All Users,200023,1:N authentication succeeded (Face)
2024-01-29 12:51:47,542198617,FaceStation 2 542198617 (192.168.8.205),All Users,200153,1:N authentication succeeded (Face)
2024-01-29 12:51:40,542198617,FaceStation 2 542198617 (192.168.8.205),All Users,200391,1:N authentication succeeded (Face)
2024-01-29 12:51:36,542198617,FaceStation 2 542198617 (192.168.8.205),All Users,200391,1:N authentication succeeded (Face)
2024-01-29 12:49:58,542198617,FaceStation 2 542198617 (192.168.8.205),All Users,200346,1:N authentication succeeded (Face)
2024-01-29 12:49:56,542198617,FaceStation 2 542198617 (192.168.8.205),All Users,200346,1:N authentication succeeded (Face)
2024-01-29 12:49:06,542198617,FaceStation 2 542198617 (192.168.8.205),All Users,200403,1:N authentication succeeded (Face)
2024-01-29 12:45:20,542198617,FaceStation 2 542198617 (192.168.8.205),All Users,200400,1:N authentication succeeded (Face)
2024-01-29 12:45:17,542198617,FaceStation 2 542198617 (192.168.8.205),All Users,200400,1:N authentication succeeded (Face)
2024-01-29 12:45:13,542198617,FaceStation 2 542198617 (192.168.8.205),All Users,200166,1:N authentication succeeded (Face)
2024-01-29 12:41:32,542198617,FaceStation 2 542198617 (192.168.8.205),All Users,993001024,1:N authentication succeeded (Face)
2024-01-29 12:41:19,542198617,FaceStation 2 542198617 (192.168.8.205),All Users,200398,1:N authentication succeeded (Face)
2024-01-29 12:34:40,542198617,FaceStation 2 542198617 (192.168.8.205),All Users,200064,1:N authentication succeeded (Face)
2024-01-29 12:33:47,542198617,FaceStation 2 542198617 (192.168.8.205),All Users,200401,1:N authentication succeeded (Face)
2024-01-29 12:33:32,542198617,FaceStation 2 542198617 (192.168.8.205),All Users,200062,1:N authentication succeeded (Face)
2024-01-29 12:33:29,542198617,FaceStation 2 542198617 (192.168.8.205),All Users,200062,1:N authentication succeeded (Face)
2024-01-29 12:33:20,542198617,FaceStation 2 542198617 (192.168.8.205),All Users,200015,1:N authentication succeeded (Face)
2024-01-29 12:33:17,542198617,FaceStation 2 542198617 (192.168.8.205),All Users,200015,1:N authentication succeeded (Face)
2024-01-29 12:32:33,542198617,FaceStation 2 542198617 (192.168.8.205),All Users,200384,1:N authentication succeeded (Face)
2024-01-29 12:32:29,542198617,FaceStation 2 542198617 (192.168.8.205),All Users,200166,1:N authentication succeeded (Face)
2024-01-29 12:32:20,542198617,FaceStation 2 542198617 (192.168.8.205),All Users,200346,1:N authentication succeeded (Face)
2024-01-29 12:32:17,542198617,FaceStation 2 542198617 (192.168.8.205),All Users,200346,1:N authentication succeeded (Face)
2024-01-29 12:32:12,542198617,FaceStation 2 542198617 (192.168.8.205),All Users,200298,1:N authentication succeeded (Face)
2024-01-29 12:32:10,542198617,FaceStation 2 542198617 (192.168.8.205),All Users,200298,1:N authentication succeeded (Face)
2024-01-29 12:31:47,542198617,FaceStation 2 542198617 (192.168.8.205),All Users,200396,1:N authentication succeeded (Face)
2024-01-29 12:31:22,542198617,FaceStation 2 542198617 (192.168.8.205),All Users,200405,1:N authentication succeeded (Face)
2024-01-29 12:31:08,542198617,FaceStation 2 542198617 (192.168.8.205),All Users,200400,1:N authentication succeeded (Face)
2024-01-29 12:31:06,542198617,FaceStation 2 542198617 (192.168.8.205),All Users,200400,1:N authentication succeeded (Face)
2024-01-29 12:31:01,542198617,FaceStation 2 542198617 (192.168.8.205),All Users,200330,1:N authentication succeeded (Face)
2024-01-29 12:30:57,542198617,FaceStation 2 542198617 (192.168.8.205),All Users,200153,1:N authentication succeeded (Face)
2024-01-29 12:30:53,542198617,FaceStation 2 542198617 (192.168.8.205),All Users,200357,1:N authentication succeeded (Face)
2024-01-29 12:30:49,542198617,FaceStation 2 542198617 (192.168.8.205),All Users,200391,1:N authentication succeeded (Face)
2024-01-29 12:30:47,542198617,FaceStation 2 542198617 (192.168.8.205),All Users,200394,1:N authentication succeeded (Face)
2024-01-29 12:30:44,542198617,FaceStation 2 542198617 (192.168.8.205),All Users,200074,1:N authentication succeeded (Face)
2024-01-29 12:30:40,542198617,FaceStation 2 542198617 (192.168.8.205),All Users,200407,1:N authentication succeeded (Face)
2024-01-29 12:30:36,542198617,FaceStation 2 542198617 (192.168.8.205),All Users,200329,1:N authentication succeeded (Face)
2024-01-29 12:30:33,542198617,FaceStation 2 542198617 (192.168.8.205),All Users,200395,1:N authentication succeeded (Face)
2024-01-29 12:30:27,542198617,FaceStation 2 542198617 (192.168.8.205),All Users,200342,1:N authentication succeeded (Face)
2024-01-29 12:30:24,542198617,FaceStation 2 542198617 (192.168.8.205),All Users,200371,1:N authentication succeeded (Face)
2024-01-29 12:30:21,542198617,FaceStation 2 542198617 (192.168.8.205),All Users,200091,1:N authentication succeeded (Face)
2024-01-29 12:30:17,542198617,FaceStation 2 542198617 (192.168.8.205),All Users,200403,1:N authentication succeeded (Face)
2024-01-29 12:30:13,542198617,FaceStation 2 542198617 (192.168.8.205),All Users,200066,1:N authentication succeeded (Face)
2024-01-29 12:30:07,542198617,FaceStation 2 542198617 (192.168.8.205),All Users,200011,1:N authentication succeeded (Face)
2024-01-29 12:30:04,542198617,FaceStation 2 542198617 (192.168.8.205),All Users,200186,1:N authentication succeeded (Face)
2024-01-29 12:30:00,542198617,FaceStation 2 542198617 (192.168.8.205),All Users,200217,1:N authentication succeeded (Face)
2024-01-29 12:29:58,542198617,FaceStation 2 542198617 (192.168.8.205),All Users,200294,1:N authentication succeeded (Face)
2024-01-29 12:29:54,542198617,FaceStation 2 542198617 (192.168.8.205),All Users,200368,1:N authentication succeeded (Face)
2024-01-29 12:29:50,542198617,FaceStation 2 542198617 (192.168.8.205),All Users,200174,1:N authentication succeeded (Face)
2024-01-29 12:29:47,542198617,FaceStation 2 542198617 (192.168.8.205),All Users,200399,1:N authentication succeeded (Face)
2024-01-29 12:29:44,542198617,FaceStation 2 542198617 (192.168.8.205),All Users,200023,1:N authentication succeeded (Face)
2024-01-29 12:29:41,542198617,FaceStation 2 542198617 (192.168.8.205),All Users,200072,1:N authentication succeeded (Face)
2024-01-29 12:29:38,542198617,FaceStation 2 542198617 (192.168.8.205),All Users,200001,1:N authentication succeeded (Face)
2024-01-29 12:29:35,542198617,FaceStation 2 542198617 (192.168.8.205),All Users,200042,1:N authentication succeeded (Face)
2024-01-29 12:29:32,542198617,FaceStation 2 542198617 (192.168.8.205),All Users,200041,1:N authentication succeeded (Face)
2024-01-29 12:29:30,542198617,FaceStation 2 542198617 (192.168.8.205),All Users,200348,1:N authentication succeeded (Face)
2024-01-29 12:29:27,542198617,FaceStation 2 542198617 (192.168.8.205),All Users,200021,1:N authentication succeeded (Face)
2024-01-29 12:29:24,542198617,FaceStation 2 542198617 (192.168.8.205),All Users,200392,1:N authentication succeeded (Face)
2024-01-29 12:29:19,542198617,FaceStation 2 542198617 (192.168.8.205),All Users,200352,1:N authentication succeeded (Face)
2024-01-29 12:29:16,542198617,FaceStation 2 542198617 (192.168.8.205),All Users,200222,1:N authentication succeeded (Face)
2024-01-29 12:29:13,542198617,FaceStation 2 542198617 (192.168.8.205),All Users,200404,1:N authentication succeeded (Face)
2024-01-29 12:29:09,542198617,FaceStation 2 542198617 (192.168.8.205),All Users,200031,1:N authentication succeeded (Face)
2024-01-29 12:29:06,542198617,FaceStation 2 542198617 (192.168.8.205),All Users,200402,1:N authentication succeeded (Face)
2024-01-29 12:29:02,542198617,FaceStation 2 542198617 (192.168.8.205),All Users,200099,1:N authentication succeeded (Face)
2024-01-29 12:29:00,542198617,FaceStation 2 542198617 (192.168.8.205),All Users,200355,1:N authentication succeeded (Face)
2024-01-29 12:28:57,542198617,FaceStation 2 542198617 (192.168.8.205),All Users,200110,1:N authentication succeeded (Face)
2024-01-29 12:28:53,542198617,FaceStation 2 542198617 (192.168.8.205),All Users,200372,1:N authentication succeeded (Face)
2024-01-29 12:28:44,542198617,FaceStation 2 542198617 (192.168.8.205),All Users,200406,1:N authentication succeeded (Face)
2024-01-29 12:28:41,542198617,FaceStation 2 542198617 (192.168.8.205),All Users,200376,1:N authentication succeeded (Face)
2024-01-29 12:28:38,542198617,FaceStation 2 542198617 (192.168.8.205),All Users,200367,1:N authentication succeeded (Face)
2024-01-29 12:28:18,542198617,FaceStation 2 542198617 (192.168.8.205),All Users,200242,1:N authentication succeeded (Face)
2024-01-29 11:44:19,542198617,FaceStation 2 542198617 (192.168.8.205),All Users,200064,1:N authentication succeeded (Face)
2024-01-29 09:52:04,542198617,FaceStation 2 542198617 (192.168.8.205),,,Network connected
2024-01-29 09:52:03,542198617,FaceStation 2 542198617 (192.168.8.205),,,DHCP connected
2024-01-29 09:49:02,542198617,FaceStation 2 542198617 (192.168.8.205),,,Network disconnected
2024-01-29 09:15:04,542198617,FaceStation 2 542198617 (192.168.8.205),All Users,200391,1:N authentication succeeded (Face)
2024-01-29 09:15:00,542198617,FaceStation 2 542198617 (192.168.8.205),All Users,200391,1:N authentication succeeded (Face)
2024-01-29 09:04:03,542198617,FaceStation 2 542198617 (192.168.8.205),All Users,200222,1:N authentication succeeded (Face)
2024-01-29 09:04:01,542198617,FaceStation 2 542198617 (192.168.8.205),All Users,200222,1:N authentication succeeded (Face)
2024-01-29 08:54:29,542198617,FaceStation 2 542198617 (192.168.8.205),All Users,200342,1:N authentication succeeded (Face)
2024-01-29 08:54:26,542198617,FaceStation 2 542198617 (192.168.8.205),All Users,200342,1:N authentication succeeded (Face)
2024-01-29 08:16:44,542198617,FaceStation 2 542198617 (192.168.8.205),All Users,200394,1:N authentication succeeded (Face)
2024-01-29 08:16:41,542198617,FaceStation 2 542198617 (192.168.8.205),All Users,200074,1:N authentication succeeded (Face)
2024-01-29 08:11:32,542198617,FaceStation 2 542198617 (192.168.8.205),All Users,200359,1:N authentication succeeded (Face)
2024-01-29 08:11:29,542198617,FaceStation 2 542198617 (192.168.8.205),All Users,200359,1:N authentication succeeded (Face)
2024-01-29 08:11:24,542198617,FaceStation 2 542198617 (192.168.8.205),All Users,200404,1:N authentication succeeded (Face)
2024-01-29 08:11:21,542198617,FaceStation 2 542198617 (192.168.8.205),All Users,200404,1:N authentication succeeded (Face)
2024-01-29 08:11:16,542198617,FaceStation 2 542198617 (192.168.8.205),All Users,200066,1:N authentication succeeded (Face)
2024-01-29 08:10:54,542198617,FaceStation 2 542198617 (192.168.8.205),All Users,200072,1:N authentication succeeded (Face)
2024-01-29 08:07:23,542198617,FaceStation 2 542198617 (192.168.8.205),All Users,200298,1:N authentication succeeded (Face)
2024-01-29 08:07:20,542198617,FaceStation 2 542198617 (192.168.8.205),All Users,200298,1:N authentication succeeded (Face)
2024-01-29 08:06:58,542198617,FaceStation 2 542198617 (192.168.8.205),All Users,200217,1:N authentication succeeded (Face)
2024-01-29 08:06:16,542198617,FaceStation 2 542198617 (192.168.8.205),All Users,200174,1:N authentication succeeded (Face)
2024-01-29 08:06:13,542198617,FaceStation 2 542198617 (192.168.8.205),All Users,200174,1:N authentication succeeded (Face)
2024-01-29 08:03:24,542198617,FaceStation 2 542198617 (192.168.8.205),All Users,200153,1:N authentication succeeded (Face)
2024-01-29 08:03:15,542198617,FaceStation 2 542198617 (192.168.8.205),All Users,200352,1:N authentication succeeded (Face)
2024-01-29 08:03:12,542198617,FaceStation 2 542198617 (192.168.8.205),All Users,200352,1:N authentication succeeded (Face)
2024-01-29 08:03:00,542198617,FaceStation 2 542198617 (192.168.8.205),All Users,200041,1:N authentication succeeded (Face)
2024-01-29 08:01:03,542198617,FaceStation 2 542198617 (192.168.8.205),All Users,200330,1:N authentication succeeded (Face)
2024-01-29 08:00:42,542198617,FaceStation 2 542198617 (192.168.8.205),All Users,200329,1:N authentication succeeded (Face)
2024-01-29 08:00:39,542198617,FaceStation 2 542198617 (192.168.8.205),All Users,200329,1:N authentication succeeded (Face)
2024-01-29 08:00:06,542198617,FaceStation 2 542198617 (192.168.8.205),All Users,200242,1:N authentication succeeded (Face)
2024-01-29 07:59:17,542198617,FaceStation 2 542198617 (192.168.8.205),All Users,200357,1:N authentication succeeded (Face)
2024-01-29 07:59:04,542198617,FaceStation 2 542198617 (192.168.8.205),All Users,200186,1:N authentication succeeded (Face)
2024-01-29 07:59:00,542198617,FaceStation 2 542198617 (192.168.8.205),All Users,200091,1:N authentication succeeded (Face)
2024-01-29 07:58:57,542198617,FaceStation 2 542198617 (192.168.8.205),All Users,200348,1:N authentication succeeded (Face)
2024-01-29 07:58:52,542198617,FaceStation 2 542198617 (192.168.8.205),All Users,200399,1:N authentication succeeded (Face)
2024-01-29 07:58:50,542198617,FaceStation 2 542198617 (192.168.8.205),All Users,200396,1:N authentication succeeded (Face)
2024-01-29 07:58:46,542198617,FaceStation 2 542198617 (192.168.8.205),All Users,200110,1:N authentication succeeded (Face)
2024-01-29 07:58:42,542198617,FaceStation 2 542198617 (192.168.8.205),All Users,200110,1:N authentication succeeded (Face)
2024-01-29 07:58:39,542198617,FaceStation 2 542198617 (192.168.8.205),All Users,200403,1:N authentication succeeded (Face)
2024-01-29 07:58:36,542198617,FaceStation 2 542198617 (192.168.8.205),All Users,200403,1:N authentication succeeded (Face)
2024-01-29 07:58:11,542198617,FaceStation 2 542198617 (192.168.8.205),All Users,200392,1:N authentication succeeded (Face)
2024-01-29 07:58:08,542198617,FaceStation 2 542198617 (192.168.8.205),All Users,200392,1:N authentication succeeded (Face)
2024-01-29 07:57:58,542198617,FaceStation 2 542198617 (192.168.8.205),All Users,200355,1:N authentication succeeded (Face)
2024-01-29 07:57:55,542198617,FaceStation 2 542198617 (192.168.8.205),All Users,200355,1:N authentication succeeded (Face)
2024-01-29 07:57:53,542198617,FaceStation 2 542198617 (192.168.8.205),All Users,200355,1:N authentication succeeded (Face)
2024-01-29 07:57:50,542198617,FaceStation 2 542198617 (192.168.8.205),All Users,200355,1:N authentication succeeded (Face)
2024-01-29 07:57:04,542198617,FaceStation 2 542198617 (192.168.8.205),All Users,200407,1:N authentication succeeded (Face)
2024-01-29 07:56:57,542198617,FaceStation 2 542198617 (192.168.8.205),All Users,200384,1:N authentication succeeded (Face)
2024-01-29 07:56:52,542198617,FaceStation 2 542198617 (192.168.8.205),All Users,200099,1:N authentication succeeded (Face)
2024-01-29 07:56:50,542198617,FaceStation 2 542198617 (192.168.8.205),All Users,200099,1:N authentication succeeded (Face)
2024-01-29 07:56:44,542198617,FaceStation 2 542198617 (192.168.8.205),All Users,200405,1:N authentication succeeded (Face)
2024-01-29 07:56:41,542198617,FaceStation 2 542198617 (192.168.8.205),All Users,200367,1:N authentication succeeded (Face)
2024-01-29 07:56:38,542198617,FaceStation 2 542198617 (192.168.8.205),All Users,200402,1:N authentication succeeded (Face)
2024-01-29 07:56:35,542198617,FaceStation 2 542198617 (192.168.8.205),All Users,200401,1:N authentication succeeded (Face)
2024-01-29 07:56:26,542198617,FaceStation 2 542198617 (192.168.8.205),All Users,200001,1:N authentication succeeded (Face)
2024-01-29 07:56:24,542198617,FaceStation 2 542198617 (192.168.8.205),All Users,200001,1:N authentication succeeded (Face)
2024-01-29 07:55:43,542198617,FaceStation 2 542198617 (192.168.8.205),All Users,200031,1:N authentication succeeded (Face)
2024-01-29 07:55:25,542198617,FaceStation 2 542198617 (192.168.8.205),All Users,200011,1:N authentication succeeded (Face)
2024-01-29 07:54:57,542198617,FaceStation 2 542198617 (192.168.8.205),All Users,200395,1:N authentication succeeded (Face)
2024-01-29 07:54:54,542198617,FaceStation 2 542198617 (192.168.8.205),All Users,200372,1:N authentication succeeded (Face)
2024-01-29 07:54:50,542198617,FaceStation 2 542198617 (192.168.8.205),All Users,200376,1:N authentication succeeded (Face)
2024-01-29 07:54:03,542198617,FaceStation 2 542198617 (192.168.8.205),All Users,200400,1:N authentication succeeded (Face)
2024-01-29 07:54:01,542198617,FaceStation 2 542198617 (192.168.8.205),All Users,200400,1:N authentication succeeded (Face)
2024-01-29 07:53:49,542198617,FaceStation 2 542198617 (192.168.8.205),All Users,200406,1:N authentication succeeded (Face)
2024-01-29 07:53:45,542198617,FaceStation 2 542198617 (192.168.8.205),All Users,200371,1:N authentication succeeded (Face)
2024-01-29 07:53:42,542198617,FaceStation 2 542198617 (192.168.8.205),All Users,200023,1:N authentication succeeded (Face)
2024-01-29 07:51:12,542198617,FaceStation 2 542198617 (192.168.8.205),All Users,200042,1:N authentication succeeded (Face)
2024-01-29 07:50:13,542198617,FaceStation 2 542198617 (192.168.8.205),All Users,200021,1:N authentication succeeded (Face)
2024-01-29 07:47:42,542198617,FaceStation 2 542198617 (192.168.8.205),All Users,200294,1:N authentication succeeded (Face)
2024-01-29 07:47:37,542198617,FaceStation 2 542198617 (192.168.8.205),All Users,200166,1:N authentication succeeded (Face)
2024-01-29 07:32:04,542198617,FaceStation 2 542198617 (192.168.8.205),All Users,200368,1:N authentication succeeded (Face)
2024-01-29 07:32:02,542198617,FaceStation 2 542198617 (192.168.8.205),All Users,200368,1:N authentication succeeded (Face)
2024-01-29 07:31:50,542198617,FaceStation 2 542198617 (192.168.8.205),All Users,200346,1:N authentication succeeded (Face)
2024-01-29 07:31:48,542198617,FaceStation 2 542198617 (192.168.8.205),All Users,200346,1:N authentication succeeded (Face)
2024-01-29 07:31:08,542198617,FaceStation 2 542198617 (192.168.8.205),All Users,200062,1:N authentication succeeded (Face)
2024-01-29 07:31:06,542198617,FaceStation 2 542198617 (192.168.8.205),All Users,200062,1:N authentication succeeded (Face)
2024-01-29 07:27:51,542198617,FaceStation 2 542198617 (192.168.8.205),All Users,200015,1:N authentication succeeded (Face)
2024-01-29 07:27:48,542198617,FaceStation 2 542198617 (192.168.8.205),All Users,200015,1:N authentication succeeded (Face)
2024-01-29 07:03:27,542198617,FaceStation 2 542198617 (192.168.8.205),All Users,200003,1:N authentication succeeded (Face)
2024-01-29 06:59:32,542198617,FaceStation 2 542198617 (192.168.8.205),All Users,200389,1:N authentication succeeded (Face)
2024-01-29 06:59:30,542198617,FaceStation 2 542198617 (192.168.8.205),All Users,200389,1:N authentication succeeded (Face)
2024-01-29 06:59:27,542198617,FaceStation 2 542198617 (192.168.8.205),All Users,200389,1:N authentication succeeded (Face)
